 0.000E+00 3.205E-02 4.935E-01 0.000E+00 5.880E-01 9.924E-01 9.870E+03 1.109E+12 1.277E-04
 0.000E+00
 1.100E-02 3.205E-02 4.935E-01 0.000E+00 5.879E-01 9.924E-01 9.870E+03 1.111E+12 1.279E-04
 0.000E+00
 2.100E-02 3.205E-02 4.936E-01 0.000E+00 5.879E-01 9.924E-01 9.870E+03 1.112E+12 1.280E-04
 0.000E+00
 3.100E-02 3.205E-02 4.936E-01 0.000E+00 5.879E-01 9.924E-01 9.870E+03 1.114E+12 1.282E-04
 0.000E+00
 4.100E-02 3.205E-02 4.936E-01 0.000E+00 5.879E-01 9.924E-01 9.870E+03 1.115E+12 1.283E-04
 0.000E+00
 5.100E-02 3.205E-02 4.936E-01 0.000E+00 5.879E-01 9.924E-01 9.870E+03 1.116E+12 1.285E-04
 0.000E+00
 6.100E-02 3.205E-02 4.936E-01 0.000E+00 5.879E-01 9.924E-01 9.870E+03 1.118E+12 1.286E-04
 0.000E+00
 7.100E-02 3.205E-02 4.936E-01 0.000E+00 5.879E-01 9.924E-01 9.870E+03 1.119E+12 1.288E-04
 0.000E+00
 8.100E-02 3.205E-02 4.936E-01 0.000E+00 5.879E-01 9.924E-01 9.870E+03 1.120E+12 1.289E-04
 0.000E+00
 9.100E-02 3.205E-02 4.936E-01 0.000E+00 5.878E-01 9.924E-01 9.870E+03 1.122E+12 1.291E-04
 0.000E+00
 1.010E-01 3.205E-02 4.936E-01 0.000E+00 5.878E-01 9.923E-01 9.870E+03 1.123E+12 1.292E-04
 0.000E+00
 1.110E-01 3.205E-02 4.936E-01 0.000E+00 5.878E-01 9.923E-01 9.870E+03 1.124E+12 1.293E-04
 0.000E+00
 1.210E-01 3.205E-02 4.936E-01 0.000E+00 5.878E-01 9.923E-01 9.870E+03 1.125E+12 1.295E-04
 0.000E+00
 1.310E-01 3.205E-02 4.936E-01 0.000E+00 5.878E-01 9.923E-01 9.870E+03 1.127E+12 1.296E-04
 0.000E+00
 1.410E-01 3.205E-02 4.936E-01 0.000E+00 5.878E-01 9.923E-01 9.870E+03 1.128E+12 1.297E-04
 0.000E+00
 1.510E-01 3.205E-02 4.937E-01 0.000E+00 5.878E-01 9.923E-01 9.870E+03 1.129E+12 1.299E-04
 0.000E+00
 1.610E-01 3.205E-02 4.937E-01 0.000E+00 5.878E-01 9.923E-01 9.870E+03 1.130E+12 1.300E-04
 0.000E+00
 1.710E-01 3.205E-02 4.937E-01 0.000E+00 5.878E-01 9.923E-01 9.870E+03 1.131E+12 1.301E-04
 0.000E+00
 1.810E-01 3.205E-02 4.937E-01 0.000E+00 5.877E-01 9.923E-01 9.870E+03 1.132E+12 1.302E-04
 0.000E+00
 1.910E-01 3.205E-02 4.937E-01 0.000E+00 5.877E-01 9.923E-01 9.870E+03 1.132E+12 1.302E-04
 0.000E+00
 2.010E-01 3.205E-02 4.937E-01 0.000E+00 5.877E-01 9.923E-01 9.870E+03 1.133E+12 1.303E-04
 0.000E+00
 2.110E-01 3.205E-02 4.937E-01 0.000E+00 5.877E-01 9.923E-01 9.870E+03 1.134E+12 1.304E-04
 0.000E+00
 2.210E-01 3.205E-02 4.937E-01 0.000E+00 5.877E-01 9.923E-01 9.870E+03 1.134E+12 1.304E-04
 0.000E+00
 2.310E-01 3.205E-02 4.937E-01 0.000E+00 5.877E-01 9.923E-01 9.870E+03 1.134E+12 1.305E-04
 0.000E+00
 2.410E-01 3.205E-02 4.937E-01 0.000E+00 5.877E-01 9.923E-01 9.870E+03 1.135E+12 1.305E-04
 0.000E+00
 2.510E-01 3.205E-02 4.937E-01 0.000E+00 5.877E-01 9.923E-01 9.870E+03 1.135E+12 1.305E-04
 0.000E+00
 2.610E-01 3.205E-02 4.937E-01 0.000E+00 5.877E-01 9.923E-01 9.870E+03 1.135E+12 1.305E-04
 0.000E+00
 2.710E-01 3.205E-02 4.937E-01 0.000E+00 5.877E-01 9.923E-01 9.870E+03 1.135E+12 1.305E-04
 0.000E+00
 2.810E-01 3.205E-02 4.937E-01 0.000E+00 5.876E-01 9.923E-01 9.870E+03 1.134E+12 1.305E-04
 0.000E+00
 2.910E-01 3.205E-02 4.937E-01 0.000E+00 5.876E-01 9.923E-01 9.870E+03 1.134E+12 1.304E-04
 0.000E+00
 3.010E-01 3.205E-02 4.937E-01 0.000E+00 5.876E-01 9.923E-01 9.870E+03 1.133E+12 1.303E-04
 0.000E+00
 3.110E-01 3.205E-02 4.937E-01 0.000E+00 5.876E-01 9.923E-01 9.870E+03 1.132E+12 1.303E-04
 0.000E+00
 3.210E-01 3.205E-02 4.937E-01 0.000E+00 5.876E-01 9.923E-01 9.870E+03 1.132E+12 1.302E-04
 0.000E+00
 3.310E-01 3.205E-02 4.938E-01 0.000E+00 5.876E-01 9.923E-01 9.870E+03 1.130E+12 1.300E-04
 0.000E+00
 3.410E-01 3.205E-02 4.938E-01 0.000E+00 5.876E-01 9.923E-01 9.870E+03 1.129E+12 1.299E-04
 0.000E+00
 3.510E-01 3.205E-02 4.938E-01 0.000E+00 5.876E-01 9.923E-01 9.870E+03 1.128E+12 1.297E-04
 0.000E+00
 3.610E-01 3.205E-02 4.938E-01 0.000E+00 5.876E-01 9.923E-01 9.870E+03 1.126E+12 1.295E-04
 0.000E+00
 3.710E-01 3.205E-02 4.938E-01 0.000E+00 5.876E-01 9.923E-01 9.870E+03 1.124E+12 1.293E-04
 0.000E+00
 3.810E-01 3.205E-02 4.938E-01 0.000E+00 5.876E-01 9.924E-01 9.870E+03 1.122E+12 1.291E-04
 0.000E+00
 3.910E-01 3.205E-02 4.938E-01 0.000E+00 5.876E-01 9.924E-01 9.870E+03 1.120E+12 1.288E-04
 0.000E+00
 4.010E-01 3.205E-02 4.938E-01 0.000E+00 5.876E-01 9.924E-01 9.870E+03 1.117E+12 1.286E-04
 0.000E+00
 4.110E-01 3.205E-02 4.938E-01 0.000E+00 5.876E-01 9.924E-01 9.870E+03 1.114E+12 1.282E-04
 0.000E+00
 4.210E-01 3.205E-02 4.938E-01 0.000E+00 5.875E-01 9.924E-01 9.870E+03 1.111E+12 1.279E-04
 0.000E+00
 4.310E-01 3.205E-02 4.938E-01 0.000E+00 5.875E-01 9.924E-01 9.870E+03 1.108E+12 1.275E-04
 0.000E+00
 4.410E-01 3.205E-02 4.938E-01 0.000E+00 5.875E-01 9.925E-01 9.870E+03 1.105E+12 1.272E-04
 0.000E+00
 4.510E-01 3.205E-02 4.938E-01 0.000E+00 5.875E-01 9.925E-01 9.870E+03 1.101E+12 1.267E-04
 0.000E+00
 4.610E-01 3.205E-02 4.938E-01 0.000E+00 5.875E-01 9.925E-01 9.870E+03 1.097E+12 1.263E-04
 0.000E+00
 4.710E-01 3.205E-02 4.938E-01 0.000E+00 5.875E-01 9.926E-01 9.870E+03 1.093E+12 1.258E-04
 0.000E+00
 4.810E-01 3.205E-02 4.938E-01 0.000E+00 5.876E-01 9.926E-01 9.870E+03 1.088E+12 1.253E-04
 0.000E+00
 4.910E-01 3.205E-02 4.938E-01 0.000E+00 5.876E-01 9.926E-01 9.870E+03 1.084E+12 1.248E-04
 0.000E+00
 5.010E-01 3.205E-02 4.938E-01 0.000E+00 5.876E-01 9.926E-01 9.870E+03 1.079E+12 1.243E-04
 0.000E+00
 5.110E-01 3.205E-02 4.938E-01 0.000E+00 5.876E-01 9.927E-01 9.870E+03 1.074E+12 1.238E-04
 0.000E+00
 5.210E-01 3.205E-02 4.938E-01 0.000E+00 5.876E-01 9.927E-01 9.870E+03 1.069E+12 1.232E-04
 0.000E+00
 5.310E-01 3.205E-02 4.938E-01 0.000E+00 5.876E-01 9.927E-01 9.870E+03 1.064E+12 1.227E-04
 0.000E+00
 5.410E-01 3.205E-02 4.938E-01 0.000E+00 5.876E-01 9.928E-01 9.870E+03 1.059E+12 1.221E-04
 0.000E+00
 5.510E-01 3.205E-02 4.938E-01 0.000E+00 5.876E-01 9.928E-01 9.870E+03 1.054E+12 1.215E-04
 0.000E+00
 5.610E-01 3.205E-02 4.938E-01 0.000E+00 5.876E-01 9.929E-01 9.870E+03 1.049E+12 1.210E-04
 0.000E+00
 5.710E-01 3.205E-02 4.938E-01 0.000E+00 5.876E-01 9.929E-01 9.870E+03 1.044E+12 1.204E-04
 0.000E+00
 5.810E-01 3.205E-02 4.939E-01 0.000E+00 5.876E-01 9.929E-01 9.870E+03 1.039E+12 1.198E-04
 0.000E+00
 5.910E-01 3.205E-02 4.939E-01 0.000E+00 5.876E-01 9.930E-01 9.870E+03 1.034E+12 1.193E-04
 0.000E+00
 6.010E-01 3.205E-02 4.939E-01 0.000E+00 5.876E-01 9.930E-01 9.870E+03 1.029E+12 1.187E-04
 0.000E+00
 6.110E-01 3.205E-02 4.939E-01 0.000E+00 5.876E-01 9.930E-01 9.870E+03 1.024E+12 1.182E-04
 0.000E+00
 6.210E-01 3.205E-02 4.939E-01 0.000E+00 5.876E-01 9.931E-01 9.870E+03 1.020E+12 1.177E-04
 0.000E+00
 6.310E-01 3.205E-02 4.939E-01 0.000E+00 5.876E-01 9.931E-01 9.870E+03 1.015E+12 1.172E-04
 0.000E+00
 6.410E-01 3.205E-02 4.939E-01 0.000E+00 5.876E-01 9.931E-01 9.870E+03 1.011E+12 1.168E-04
 0.000E+00
 6.510E-01 3.205E-02 4.939E-01 0.000E+00 5.876E-01 9.931E-01 9.870E+03 1.007E+12 1.163E-04
 0.000E+00
 6.610E-01 3.205E-02 4.939E-01 0.000E+00 5.876E-01 9.932E-01 9.870E+03 1.003E+12 1.159E-04
 0.000E+00
 6.710E-01 3.205E-02 4.939E-01 0.000E+00 5.876E-01 9.932E-01 9.870E+03 1.000E+12 1.155E-04
 0.000E+00
 6.810E-01 3.205E-02 4.939E-01 0.000E+00 5.876E-01 9.932E-01 9.870E+03 9.969E+11 1.152E-04
 0.000E+00
 6.910E-01 3.205E-02 4.939E-01 0.000E+00 5.876E-01 9.932E-01 9.870E+03 9.940E+11 1.148E-04
 0.000E+00
 7.010E-01 3.205E-02 4.939E-01 0.000E+00 5.876E-01 9.932E-01 9.870E+03 9.915E+11 1.146E-04
 0.000E+00
 7.110E-01 3.205E-02 4.939E-01 0.000E+00 5.876E-01 9.933E-01 9.870E+03 9.894E+11 1.143E-04
 0.000E+00
 7.210E-01 3.205E-02 4.939E-01 0.000E+00 5.876E-01 9.933E-01 9.870E+03 9.877E+11 1.141E-04
 0.000E+00
 7.310E-01 3.205E-02 4.939E-01 0.000E+00 5.876E-01 9.933E-01 9.870E+03 9.864E+11 1.140E-04
 0.000E+00
 7.410E-01 3.205E-02 4.939E-01 0.000E+00 5.876E-01 9.933E-01 9.870E+03 9.855E+11 1.139E-04
 0.000E+00
 7.510E-01 3.205E-02 4.939E-01 0.000E+00 5.876E-01 9.933E-01 9.870E+03 9.851E+11 1.138E-04
 0.000E+00
 7.610E-01 3.205E-02 4.939E-01 0.000E+00 5.876E-01 9.933E-01 9.870E+03 9.852E+11 1.139E-04
 0.000E+00
 7.710E-01 3.205E-02 4.939E-01 0.000E+00 5.876E-01 9.933E-01 9.870E+03 9.858E+11 1.139E-04
 0.000E+00
 7.810E-01 3.205E-02 4.940E-01 0.000E+00 5.876E-01 9.933E-01 9.870E+03 9.869E+11 1.140E-04
 0.000E+00
 7.910E-01 3.205E-02 4.940E-01 0.000E+00 5.876E-01 9.933E-01 9.870E+03 9.886E+11 1.142E-04
 0.000E+00
 8.010E-01 3.205E-02 4.940E-01 0.000E+00 5.876E-01 9.933E-01 9.870E+03 9.909E+11 1.145E-04
 0.000E+00
 8.110E-01 3.205E-02 4.940E-01 0.000E+00 5.876E-01 9.932E-01 9.870E+03 9.938E+11 1.148E-04
 0.000E+00
 8.210E-01 3.205E-02 4.940E-01 0.000E+00 5.876E-01 9.932E-01 9.870E+03 9.973E+11 1.152E-04
 0.000E+00
 8.310E-01 3.205E-02 4.941E-01 0.000E+00 5.876E-01 9.932E-01 9.870E+03 1.002E+12 1.157E-04
 0.000E+00
 8.410E-01 3.205E-02 4.941E-01 0.000E+00 5.876E-01 9.931E-01 9.870E+03 1.006E+12 1.162E-04
 0.000E+00
 8.510E-01 3.205E-02 4.941E-01 0.000E+00 5.876E-01 9.931E-01 9.870E+03 1.012E+12 1.169E-04
 0.000E+00
 8.610E-01 3.205E-02 4.941E-01 0.000E+00 5.876E-01 9.931E-01 9.870E+03 1.018E+12 1.176E-04
 0.000E+00
 8.710E-01 3.205E-02 4.942E-01 0.000E+00 5.876E-01 9.930E-01 9.870E+03 1.025E+12 1.183E-04
 0.000E+00
 8.810E-01 3.205E-02 4.942E-01 0.000E+00 5.876E-01 9.930E-01 9.870E+03 1.033E+12 1.192E-04
 0.000E+00
 8.910E-01 3.205E-02 4.942E-01 0.000E+00 5.876E-01 9.929E-01 9.870E+03 1.042E+12 1.202E-04
 0.000E+00
 9.010E-01 3.205E-02 4.943E-01 0.000E+00 5.876E-01 9.928E-01 9.870E+03 1.052E+12 1.213E-04
 0.000E+00
 9.110E-01 3.205E-02 4.943E-01 0.000E+00 5.876E-01 9.928E-01 9.870E+03 1.062E+12 1.224E-04
 0.000E+00
 9.210E-01 3.205E-02 4.944E-01 0.000E+00 5.876E-01 9.927E-01 9.870E+03 1.073E+12 1.237E-04
 0.000E+00
 9.310E-01 3.205E-02 4.944E-01 0.000E+00 5.876E-01 9.926E-01 9.870E+03 1.085E+12 1.250E-04
 0.000E+00
 9.410E-01 3.205E-02 4.944E-01 0.000E+00 5.876E-01 9.925E-01 9.870E+03 1.098E+12 1.265E-04
 0.000E+00
 9.510E-01 3.205E-02 4.945E-01 0.000E+00 5.876E-01 9.924E-01 9.870E+03 1.112E+12 1.280E-04
 0.000E+00
 9.610E-01 3.205E-02 4.945E-01 0.000E+00 5.876E-01 9.923E-01 9.870E+03 1.127E+12 1.297E-04
 0.000E+00
 9.710E-01 3.205E-02 4.946E-01 0.000E+00 5.876E-01 9.922E-01 9.870E+03 1.143E+12 1.315E-04
 0.000E+00
 9.810E-01 3.205E-02 4.946E-01 0.000E+00 5.876E-01 9.921E-01 9.870E+03 1.160E+12 1.333E-04
 0.000E+00
 9.910E-01 3.205E-02 4.946E-01 0.000E+00 5.876E-01 9.920E-01 9.870E+03 1.178E+12 1.353E-04
 0.000E+00
 1.001E+00 3.205E-02 4.947E-01 0.000E+00 5.876E-01 9.919E-01 9.870E+03 1.196E+12 1.373E-04
 0.000E+00
 1.011E+00 3.205E-02 4.947E-01 0.000E+00 5.875E-01 9.917E-01 9.870E+03 1.215E+12 1.394E-04
 0.000E+00
 1.021E+00 3.205E-02 4.948E-01 0.000E+00 5.875E-01 9.916E-01 9.870E+03 1.235E+12 1.416E-04
 0.000E+00
 1.031E+00 3.205E-02 4.948E-01 0.000E+00 5.875E-01 9.915E-01 9.870E+03 1.255E+12 1.439E-04
 0.000E+00
 1.041E+00 3.205E-02 4.948E-01 0.000E+00 5.875E-01 9.913E-01 9.870E+03 1.276E+12 1.462E-04
 0.000E+00
 1.051E+00 3.205E-02 4.949E-01 0.000E+00 5.874E-01 9.912E-01 9.870E+03 1.298E+12 1.486E-04
 0.000E+00
 1.061E+00 3.205E-02 4.949E-01 0.000E+00 5.874E-01 9.910E-01 9.870E+03 1.320E+12 1.511E-04
 0.000E+00
 1.071E+00 3.205E-02 4.949E-01 0.000E+00 5.874E-01 9.909E-01 9.870E+03 1.343E+12 1.536E-04
 0.000E+00
 1.081E+00 3.205E-02 4.950E-01 0.000E+00 5.873E-01 9.907E-01 9.870E+03 1.366E+12 1.562E-04
 0.000E+00
 1.091E+00 3.205E-02 4.950E-01 0.000E+00 5.873E-01 9.905E-01 9.870E+03 1.390E+12 1.588E-04
 0.000E+00
 1.101E+00 3.205E-02 4.950E-01 0.000E+00 5.872E-01 9.904E-01 9.870E+03 1.414E+12 1.615E-04
 0.000E+00
 1.111E+00 3.205E-02 4.951E-01 0.000E+00 5.872E-01 9.902E-01 9.870E+03 1.438E+12 1.642E-04
 0.000E+00
 1.121E+00 3.205E-02 4.951E-01 0.000E+00 5.872E-01 9.900E-01 9.870E+03 1.463E+12 1.669E-04
 0.000E+00
 1.131E+00 3.205E-02 4.951E-01 0.000E+00 5.871E-01 9.899E-01 9.871E+03 1.488E+12 1.697E-04
 0.000E+00
 1.141E+00 3.205E-02 4.951E-01 0.000E+00 5.871E-01 9.897E-01 9.871E+03 1.514E+12 1.724E-04
 0.000E+00
 1.151E+00 3.205E-02 4.952E-01 0.000E+00 5.870E-01 9.895E-01 9.871E+03 1.539E+12 1.753E-04
 0.000E+00
 1.161E+00 3.205E-02 4.952E-01 0.000E+00 5.870E-01 9.893E-01 9.871E+03 1.565E+12 1.781E-04
 0.000E+00
 1.171E+00 3.205E-02 4.952E-01 0.000E+00 5.869E-01 9.892E-01 9.871E+03 1.590E+12 1.809E-04
 0.000E+00
 1.181E+00 3.205E-02 4.953E-01 0.000E+00 5.869E-01 9.890E-01 9.871E+03 1.616E+12 1.838E-04
 0.000E+00
 1.191E+00 3.205E-02 4.953E-01 0.000E+00 5.868E-01 9.888E-01 9.871E+03 1.642E+12 1.866E-04
 0.000E+00
 1.201E+00 3.205E-02 4.953E-01 0.000E+00 5.868E-01 9.886E-01 9.871E+03 1.668E+12 1.895E-04
 0.000E+00
 1.211E+00 3.205E-02 4.953E-01 0.000E+00 5.867E-01 9.885E-01 9.871E+03 1.694E+12 1.923E-04
 0.000E+00
 1.221E+00 3.205E-02 4.954E-01 0.000E+00 5.867E-01 9.883E-01 9.871E+03 1.720E+12 1.952E-04
 0.000E+00
 1.231E+00 3.205E-02 4.954E-01 0.000E+00 5.866E-01 9.881E-01 9.871E+03 1.746E+12 1.980E-04
 0.000E+00
 1.241E+00 3.205E-02 4.954E-01 0.000E+00 5.866E-01 9.879E-01 9.871E+03 1.771E+12 2.008E-04
 0.000E+00
 1.251E+00 3.205E-02 4.954E-01 0.000E+00 5.865E-01 9.877E-01 9.871E+03 1.797E+12 2.036E-04
 0.000E+00
 1.261E+00 3.205E-02 4.955E-01 0.000E+00 5.864E-01 9.876E-01 9.871E+03 1.822E+12 2.064E-04
 0.000E+00
 1.271E+00 3.205E-02 4.955E-01 0.000E+00 5.864E-01 9.874E-01 9.871E+03 1.847E+12 2.092E-04
 0.000E+00
 1.281E+00 3.205E-02 4.955E-01 0.000E+00 5.863E-01 9.872E-01 9.871E+03 1.872E+12 2.119E-04
 0.000E+00
 1.291E+00 3.205E-02 4.955E-01 0.000E+00 5.863E-01 9.871E-01 9.871E+03 1.896E+12 2.145E-04
 0.000E+00
 1.301E+00 3.205E-02 4.956E-01 0.000E+00 5.862E-01 9.869E-01 9.871E+03 1.920E+12 2.172E-04
 0.000E+00
 1.311E+00 3.205E-02 4.956E-01 0.000E+00 5.862E-01 9.867E-01 9.871E+03 1.944E+12 2.198E-04
 0.000E+00
 1.321E+00 3.205E-02 4.956E-01 0.000E+00 5.861E-01 9.866E-01 9.871E+03 1.967E+12 2.223E-04
 0.000E+00
 1.331E+00 3.205E-02 4.956E-01 0.000E+00 5.861E-01 9.864E-01 9.871E+03 1.990E+12 2.248E-04
 0.000E+00
 1.341E+00 3.205E-02 4.956E-01 0.000E+00 5.861E-01 9.863E-01 9.871E+03 2.012E+12 2.272E-04
 0.000E+00
 1.351E+00 3.205E-02 4.957E-01 0.000E+00 5.860E-01 9.861E-01 9.871E+03 2.034E+12 2.296E-04
 0.000E+00
 1.361E+00 3.205E-02 4.957E-01 0.000E+00 5.860E-01 9.860E-01 9.871E+03 2.055E+12 2.319E-04
 0.000E+00
 1.371E+00 3.205E-02 4.957E-01 0.000E+00 5.859E-01 9.858E-01 9.871E+03 2.075E+12 2.342E-04
 0.000E+00
 1.381E+00 3.205E-02 4.957E-01 0.000E+00 5.859E-01 9.857E-01 9.871E+03 2.095E+12 2.363E-04
 0.000E+00
 1.391E+00 3.205E-02 4.957E-01 0.000E+00 5.858E-01 9.856E-01 9.871E+03 2.114E+12 2.384E-04
 0.000E+00
 1.401E+00 3.205E-02 4.958E-01 0.000E+00 5.858E-01 9.854E-01 9.871E+03 2.132E+12 2.404E-04
 0.000E+00
 1.411E+00 3.205E-02 4.958E-01 0.000E+00 5.858E-01 9.853E-01 9.871E+03 2.150E+12 2.423E-04
 0.000E+00
 1.421E+00 3.205E-02 4.958E-01 0.000E+00 5.857E-01 9.852E-01 9.871E+03 2.166E+12 2.442E-04
 0.000E+00
 1.431E+00 3.205E-02 4.958E-01 0.000E+00 5.857E-01 9.851E-01 9.871E+03 2.182E+12 2.459E-04
 0.000E+00
 1.441E+00 3.205E-02 4.958E-01 0.000E+00 5.856E-01 9.850E-01 9.871E+03 2.197E+12 2.475E-04
 0.000E+00
 1.451E+00 3.205E-02 4.959E-01 0.000E+00 5.857E-01 9.849E-01 9.871E+03 2.211E+12 2.491E-04
 0.000E+00
 1.461E+00 3.205E-02 4.959E-01 0.000E+00 5.857E-01 9.848E-01 9.871E+03 2.225E+12 2.506E-04
 0.000E+00
 1.471E+00 3.205E-02 4.960E-01 0.000E+00 5.857E-01 9.847E-01 9.871E+03 2.238E+12 2.520E-04
 0.000E+00
 1.481E+00 3.205E-02 4.961E-01 0.000E+00 5.858E-01 9.846E-01 9.871E+03 2.252E+12 2.536E-04
 0.000E+00
 1.491E+00 3.205E-02 4.962E-01 0.000E+00 5.858E-01 9.845E-01 9.871E+03 2.267E+12 2.552E-04
 0.000E+00
 1.501E+00 3.205E-02 4.963E-01 0.000E+00 5.859E-01 9.844E-01 9.871E+03 2.285E+12 2.571E-04
 0.000E+00
 1.511E+00 3.205E-02 4.964E-01 0.000E+00 5.859E-01 9.843E-01 9.871E+03 2.304E+12 2.592E-04
 0.000E+00
 1.521E+00 3.205E-02 4.965E-01 0.000E+00 5.860E-01 9.841E-01 9.871E+03 2.326E+12 2.617E-04
 0.000E+00
 1.531E+00 3.205E-02 4.966E-01 0.000E+00 5.860E-01 9.840E-01 9.871E+03 2.352E+12 2.645E-04
 0.000E+00
 1.541E+00 3.205E-02 4.968E-01 0.000E+00 5.861E-01 9.838E-01 9.871E+03 2.383E+12 2.678E-04
 0.000E+00
 1.551E+00 3.205E-02 4.969E-01 0.000E+00 5.862E-01 9.835E-01 9.871E+03 2.417E+12 2.716E-04
 0.000E+00
 1.561E+00 3.205E-02 4.971E-01 0.000E+00 5.863E-01 9.833E-01 9.871E+03 2.458E+12 2.760E-04
 0.000E+00
 1.571E+00 3.205E-02 4.973E-01 0.000E+00 5.863E-01 9.830E-01 9.871E+03 2.504E+12 2.811E-04
 0.000E+00
 1.581E+00 3.205E-02 4.976E-01 0.000E+00 5.864E-01 9.826E-01 9.871E+03 2.557E+12 2.868E-04
 0.000E+00
 1.591E+00 3.205E-02 4.978E-01 0.000E+00 5.865E-01 9.822E-01 9.871E+03 2.617E+12 2.934E-04
 0.000E+00
 1.601E+00 3.205E-02 4.981E-01 0.000E+00 5.867E-01 9.818E-01 9.871E+03 2.684E+12 3.008E-04
 0.000E+00
 1.611E+00 3.205E-02 4.984E-01 0.000E+00 5.868E-01 9.812E-01 9.871E+03 2.760E+12 3.091E-04
 0.000E+00
 1.621E+00 3.205E-02 4.988E-01 0.000E+00 5.869E-01 9.807E-01 9.871E+03 2.845E+12 3.183E-04
 0.000E+00
 1.631E+00 3.205E-02 4.991E-01 0.000E+00 5.870E-01 9.801E-01 9.871E+03 2.940E+12 3.286E-04
 0.000E+00
 1.641E+00 3.205E-02 4.995E-01 0.000E+00 5.870E-01 9.794E-01 9.871E+03 3.044E+12 3.400E-04
 0.000E+00
 1.651E+00 3.205E-02 4.999E-01 0.000E+00 5.871E-01 9.786E-01 9.871E+03 3.159E+12 3.525E-04
 0.000E+00
 1.661E+00 3.205E-02 5.002E-01 0.000E+00 5.872E-01 9.777E-01 9.871E+03 3.286E+12 3.663E-04
 0.000E+00
 1.671E+00 3.205E-02 5.007E-01 0.000E+00 5.872E-01 9.768E-01 9.871E+03 3.424E+12 3.813E-04
 0.000E+00
 1.681E+00 3.205E-02 5.011E-01 0.000E+00 5.872E-01 9.758E-01 9.871E+03 3.574E+12 3.977E-04
 0.000E+00
 1.691E+00 3.205E-02 5.015E-01 0.000E+00 5.871E-01 9.747E-01 9.871E+03 3.738E+12 4.155E-04
 0.000E+00
 1.701E+00 3.205E-02 5.019E-01 0.000E+00 5.871E-01 9.735E-01 9.871E+03 3.915E+12 4.348E-04
 0.000E+00
 1.711E+00 3.205E-02 5.024E-01 0.000E+00 5.869E-01 9.722E-01 9.871E+03 4.106E+12 4.556E-04
 0.000E+00
 1.721E+00 3.205E-02 5.028E-01 0.000E+00 5.868E-01 9.708E-01 9.871E+03 4.311E+12 4.779E-04
 0.000E+00
 1.731E+00 3.205E-02 5.033E-01 0.000E+00 5.866E-01 9.693E-01 9.871E+03 4.532E+12 5.020E-04
 0.000E+00
 1.741E+00 3.205E-02 5.037E-01 0.000E+00 5.863E-01 9.677E-01 9.872E+03 4.768E+12 5.278E-04
 0.000E+00
 1.751E+00 3.205E-02 5.042E-01 0.000E+00 5.860E-01 9.660E-01 9.872E+03 5.021E+12 5.553E-04
 0.000E+00
 1.761E+00 3.205E-02 5.046E-01 0.000E+00 5.857E-01 9.641E-01 9.872E+03 5.290E+12 5.848E-04
 0.000E+00
 1.771E+00 3.205E-02 5.051E-01 0.000E+00 5.853E-01 9.622E-01 9.872E+03 5.576E+12 6.161E-04
 0.000E+00
 1.781E+00 3.205E-02 5.056E-01 0.000E+00 5.848E-01 9.601E-01 9.872E+03 5.880E+12 6.494E-04
 0.000E+00
 1.791E+00 3.205E-02 5.061E-01 0.000E+00 5.844E-01 9.578E-01 9.872E+03 6.203E+12 6.848E-04
 0.000E+00
 1.801E+00 3.205E-02 5.067E-01 0.000E+00 5.838E-01 9.555E-01 9.872E+03 6.544E+12 7.223E-04
 0.000E+00
 1.811E+00 3.205E-02 5.072E-01 0.000E+00 5.832E-01 9.529E-01 9.872E+03 6.904E+12 7.620E-04
 0.000E+00
 1.821E+00 3.205E-02 5.078E-01 0.000E+00 5.826E-01 9.503E-01 9.872E+03 7.284E+12 8.040E-04
 0.000E+00
 1.831E+00 3.205E-02 5.084E-01 0.000E+00 5.819E-01 9.475E-01 9.872E+03 7.684E+12 8.483E-04
 0.000E+00
 1.841E+00 3.205E-02 5.090E-01 0.000E+00 5.812E-01 9.445E-01 9.872E+03 8.104E+12 8.951E-04
 0.000E+00
 1.851E+00 3.205E-02 5.097E-01 0.000E+00 5.804E-01 9.414E-01 9.872E+03 8.546E+12 9.443E-04
 0.000E+00
 1.861E+00 3.205E-02 5.104E-01 0.000E+00 5.796E-01 9.381E-01 9.872E+03 9.008E+12 9.961E-04
 0.000E+00
 1.871E+00 3.205E-02 5.111E-01 0.000E+00 5.787E-01 9.346E-01 9.872E+03 9.492E+12 1.051E-03
 0.000E+00
 1.881E+00 3.205E-02 5.119E-01 0.000E+00 5.778E-01 9.310E-01 9.872E+03 9.999E+12 1.108E-03
 0.000E+00
 1.891E+00 3.205E-02 5.127E-01 0.000E+00 5.768E-01 9.271E-01 9.872E+03 1.053E+13 1.168E-03
 0.000E+00
 1.901E+00 3.205E-02 5.136E-01 0.000E+00 5.758E-01 9.232E-01 9.872E+03 1.108E+13 1.231E-03
 0.000E+00
 1.911E+00 3.205E-02 5.145E-01 0.000E+00 5.747E-01 9.190E-01 9.872E+03 1.165E+13 1.297E-03
 0.000E+00
 1.921E+00 3.205E-02 5.155E-01 0.000E+00 5.735E-01 9.146E-01 9.872E+03 1.225E+13 1.366E-03
 0.000E+00
 1.931E+00 3.205E-02 5.165E-01 0.000E+00 5.723E-01 9.101E-01 9.872E+03 1.287E+13 1.438E-03
 0.000E+00
 1.941E+00 3.205E-02 5.176E-01 0.000E+00 5.710E-01 9.053E-01 9.872E+03 1.351E+13 1.513E-03
 0.000E+00
 1.951E+00 3.205E-02 5.188E-01 0.000E+00 5.696E-01 9.004E-01 9.872E+03 1.418E+13 1.592E-03
 0.000E+00
 1.961E+00 3.205E-02 5.200E-01 0.000E+00 5.681E-01 8.952E-01 9.872E+03 1.487E+13 1.674E-03
 0.000E+00
 1.971E+00 3.205E-02 5.213E-01 0.000E+00 5.666E-01 8.898E-01 9.872E+03 1.559E+13 1.760E-03
 0.000E+00
 1.981E+00 3.205E-02 5.226E-01 0.000E+00 5.650E-01 8.843E-01 9.872E+03 1.632E+13 1.849E-03
 0.000E+00
 1.991E+00 3.205E-02 5.240E-01 0.000E+00 5.632E-01 8.786E-01 9.872E+03 1.708E+13 1.942E-03
 0.000E+00
 2.001E+00 3.205E-02 5.255E-01 0.000E+00 5.614E-01 8.727E-01 9.872E+03 1.785E+13 2.038E-03
 0.000E+00
 2.011E+00 3.205E-02 5.270E-01 0.000E+00 5.595E-01 8.666E-01 9.872E+03 1.864E+13 2.136E-03
 0.000E+00
 2.021E+00 3.205E-02 5.287E-01 0.000E+00 5.575E-01 8.604E-01 9.872E+03 1.945E+13 2.238E-03
 0.000E+00
 2.031E+00 3.205E-02 5.304E-01 0.000E+00 5.554E-01 8.541E-01 9.872E+03 2.027E+13 2.343E-03
 0.000E+00
 2.041E+00 3.205E-02 5.322E-01 0.000E+00 5.532E-01 8.476E-01 9.872E+03 2.110E+13 2.451E-03
 0.000E+00
 2.051E+00 3.205E-02 5.341E-01 0.000E+00 5.509E-01 8.410E-01 9.872E+03 2.195E+13 2.562E-03
 0.000E+00
 2.061E+00 3.205E-02 5.360E-01 0.000E+00 5.485E-01 8.343E-01 9.872E+03 2.280E+13 2.676E-03
 0.000E+00
 2.071E+00 3.205E-02 5.381E-01 0.000E+00 5.459E-01 8.274E-01 9.872E+03 2.367E+13 2.792E-03
 0.000E+00
 2.081E+00 3.205E-02 5.403E-01 0.000E+00 5.432E-01 8.205E-01 9.872E+03 2.454E+13 2.911E-03
 0.000E+00
 2.091E+00 3.205E-02 5.425E-01 0.000E+00 5.404E-01 8.136E-01 9.872E+03 2.541E+13 3.032E-03
 0.000E+00
 2.101E+00 3.205E-02 5.449E-01 0.000E+00 5.374E-01 8.065E-01 9.872E+03 2.629E+13 3.156E-03
 0.000E+00
 2.111E+00 3.205E-02 5.474E-01 0.000E+00 5.343E-01 7.994E-01 9.872E+03 2.717E+13 3.281E-03
 0.000E+00
 2.121E+00 3.205E-02 5.500E-01 0.000E+00 5.309E-01 7.921E-01 9.872E+03 2.808E+13 3.412E-03
 0.000E+00
 2.131E+00 3.205E-02 5.527E-01 0.000E+00 5.274E-01 7.850E-01 9.872E+03 2.896E+13 3.542E-03
 0.000E+00
 2.141E+00 3.205E-02 5.555E-01 0.000E+00 5.236E-01 7.778E-01 9.872E+03 2.984E+13 3.674E-03
 0.000E+00
 2.151E+00 3.205E-02 5.584E-01 0.000E+00 5.197E-01 7.706E-01 9.872E+03 3.072E+13 3.807E-03
 0.000E+00
 2.161E+00 3.205E-02 5.614E-01 0.000E+00 5.155E-01 7.635E-01 9.872E+03 3.160E+13 3.942E-03
 0.000E+00
 2.171E+00 3.205E-02 5.646E-01 0.000E+00 5.111E-01 7.563E-01 9.872E+03 3.247E+13 4.078E-03
 0.000E+00
 2.181E+00 3.205E-02 5.679E-01 0.000E+00 5.064E-01 7.493E-01 9.872E+03 3.333E+13 4.215E-03
 0.000E+00
 2.191E+00 3.205E-02 5.713E-01 0.000E+00 5.015E-01 7.422E-01 9.872E+03 3.419E+13 4.352E-03
 0.000E+00
 2.201E+00 3.205E-02 5.749E-01 0.000E+00 4.962E-01 7.353E-01 9.872E+03 3.503E+13 4.490E-03
 0.000E+00
 2.211E+00 3.205E-02 5.786E-01 0.000E+00 4.905E-01 7.285E-01 9.872E+03 3.587E+13 4.628E-03
 0.000E+00
 2.221E+00 3.205E-02 5.824E-01 0.000E+00 4.845E-01 7.218E-01 9.872E+03 3.669E+13 4.767E-03
 0.000E+00
 2.231E+00 3.205E-02 5.864E-01 0.000E+00 4.781E-01 7.152E-01 9.872E+03 3.750E+13 4.904E-03
 0.000E+00
 2.241E+00 3.205E-02 5.905E-01 0.000E+00 4.713E-01 7.088E-01 9.872E+03 3.830E+13 5.040E-03
 0.000E+00
 2.251E+00 3.205E-02 5.948E-01 0.000E+00 4.640E-01 7.026E-01 9.872E+03 3.908E+13 5.176E-03
 0.000E+00
 2.261E+00 3.205E-02 5.992E-01 0.000E+00 4.561E-01 6.966E-01 9.872E+03 3.984E+13 5.309E-03
 0.000E+00
 2.271E+00 3.205E-02 6.038E-01 0.000E+00 4.477E-01 6.908E-01 9.872E+03 4.058E+13 5.440E-03
 0.000E+00
 2.281E+00 3.205E-02 6.085E-01 0.000E+00 4.389E-01 6.853E-01 9.872E+03 4.130E+13 5.566E-03
 0.000E+00
 2.291E+00 3.205E-02 6.135E-01 0.000E+00 4.292E-01 6.800E-01 9.873E+03 4.200E+13 5.691E-03
 0.000E+00
 2.301E+00 3.205E-02 6.185E-01 0.000E+00 4.188E-01 6.751E-01 9.873E+03 4.269E+13 5.812E-03
 0.000E+00
 2.311E+00 3.205E-02 6.237E-01 0.000E+00 4.077E-01 6.704E-01 9.873E+03 4.334E+13 5.928E-03
 0.000E+00
 2.321E+00 3.205E-02 6.291E-01 0.000E+00 3.957E-01 6.661E-01 9.873E+03 4.398E+13 6.039E-03
 0.000E+00
 2.331E+00 3.205E-02 6.346E-01 0.000E+00 3.828E-01 6.622E-01 9.873E+03 4.459E+13 6.145E-03
 0.000E+00
 2.341E+00 3.205E-02 6.402E-01 0.000E+00 3.689E-01 6.586E-01 9.873E+03 4.517E+13 6.244E-03
 0.000E+00
 2.351E+00 3.205E-02 6.458E-01 0.000E+00 3.540E-01 6.554E-01 9.873E+03 4.572E+13 6.336E-03
 0.000E+00
 2.361E+00 3.205E-02 6.516E-01 0.000E+00 3.379E-01 6.527E-01 9.873E+03 4.625E+13 6.421E-03
 0.000E+00
 2.371E+00 3.205E-02 6.574E-01 0.000E+00 3.207E-01 6.503E-01 9.873E+03 4.674E+13 6.498E-03
 0.000E+00
 2.381E+00 3.205E-02 6.632E-01 0.000E+00 3.022E-01 6.484E-01 9.873E+03 4.720E+13 6.568E-03
 0.000E+00
 2.391E+00 3.205E-02 6.689E-01 0.000E+00 2.824E-01 6.468E-01 9.873E+03 4.763E+13 6.629E-03
 0.000E+00
 2.401E+00 3.205E-02 6.744E-01 0.000E+00 2.612E-01 6.456E-01 9.873E+03 4.803E+13 6.682E-03
 0.000E+00
 2.411E+00 3.205E-02 6.798E-01 0.000E+00 2.387E-01 6.448E-01 9.873E+03 4.838E+13 6.728E-03
 0.000E+00
 2.421E+00 3.205E-02 6.849E-01 0.000E+00 2.148E-01 6.443E-01 9.873E+03 4.871E+13 6.766E-03
 0.000E+00
 2.519E+00 3.205E-02-6.873E-02 0.000E+00 9.962E-01 1.944E-02 9.873E+03 6.081E+13 2.999E-01
 0.000E+00
 2.519E+00 3.205E-02-6.873E-02 0.000E+00 9.962E-01 1.944E-02 9.873E+03 6.081E+13 2.999E-01
 0.000E+00
 2.529E+00 3.205E-02-3.441E-01 0.000E+00 9.035E-01 9.425E-02 9.873E+03 6.163E+13 6.167E-02
 0.000E+00
 2.539E+00 3.205E-02-4.362E-01 0.000E+00 8.456E-01 1.102E-01 9.873E+03 6.219E+13 5.277E-02
 0.000E+00
 2.549E+00 3.205E-02-4.950E-01 0.000E+00 8.036E-01 1.136E-01 9.873E+03 6.256E+13 5.130E-02
 0.000E+00
 2.559E+00 3.205E-02-5.403E-01 0.000E+00 7.697E-01 1.118E-01 9.873E+03 6.273E+13 5.218E-02
 0.000E+00
 2.569E+00 3.205E-02-5.794E-01 0.000E+00 7.400E-01 1.078E-01 9.873E+03 6.274E+13 5.416E-02
 0.000E+00
 2.579E+00 3.205E-02-6.155E-01 0.000E+00 7.122E-01 1.028E-01 9.873E+03 6.258E+13 5.679E-02
 0.000E+00
 2.590E+00 3.205E-02-6.520E-01 0.000E+00 6.836E-01 9.729E-02 9.873E+03 6.222E+13 6.002E-02
 0.000E+00
 2.600E+00 3.205E-02-6.868E-01 0.000E+00 6.555E-01 9.178E-02 9.873E+03 6.171E+13 6.359E-02
 0.000E+00
 2.610E+00 3.205E-02-7.220E-01 0.000E+00 6.253E-01 8.592E-02 9.873E+03 6.102E+13 6.788E-02
 0.000E+00
 2.620E+00 3.205E-02-7.577E-01 0.000E+00 5.923E-01 7.941E-02 9.873E+03 6.019E+13 7.342E-02
 0.000E+00
 2.630E+00 3.205E-02-7.937E-01 0.000E+00 5.556E-01 7.189E-02 9.873E+03 5.921E+13 8.110E-02
 0.000E+00
 2.639E+00 3.205E-02-8.279E-01 0.000E+00 5.163E-01 6.357E-02 9.873E+03 5.819E+13 9.176E-02
 0.000E+00
 2.649E+00 3.205E-02-8.634E-01 0.000E+00 4.692E-01 5.355E-02 9.873E+03 5.702E+13 1.091E-01
 0.000E+00
 2.660E+00 3.205E-02-8.977E-01 0.000E+00 4.148E-01 4.238E-02 9.873E+03 5.579E+13 1.381E-01
 0.000E+00
 2.668E+00 3.205E-02-9.245E-01 0.000E+00 3.630E-01 3.266E-02 9.873E+03 5.475E+13 1.794E-01
 0.000E+00
 2.679E+00 3.205E-02-9.541E-01 0.000E+00 2.898E-01 2.089E-02 9.873E+03 5.350E+13 2.811E-01
 0.000E+00
 2.689E+00 3.205E-02-9.753E-01 0.000E+00 2.165E-01 1.176E-02 9.873E+03 5.249E+13 5.005E-01
 0.000E+00
 2.699E+00 3.205E-02-9.896E-01 0.000E+00 1.428E-01 5.303E-03 9.873E+03 5.169E+13 1.113E+00
 0.000E+00
 2.709E+00 3.205E-02-9.972E-01 0.000E+00 7.396E-02 2.055E-03 9.873E+03 5.087E+13 2.903E+00
 0.000E+00
 2.719E+00 3.205E-02-9.991E-01 0.000E+00 4.210E-02 2.144E-03 9.873E+03 4.965E+13 2.864E+00
 0.000E+00
 2.729E+00 3.205E-02-9.995E-01 0.000E+00 3.023E-02 2.502E-03 9.873E+03 4.828E+13 2.543E+00
 0.000E+00
 2.739E+00 3.205E-02-9.997E-01 0.000E+00 2.386E-02 2.626E-03 9.873E+03 4.689E+13 2.524E+00
 0.000E+00
 2.749E+00 3.205E-02-9.998E-01 0.000E+00 1.963E-02 2.500E-03 9.872E+03 4.550E+13 2.779E+00
 0.000E+00
 2.759E+00 3.205E-02-9.999E-01 0.000E+00 1.625E-02 2.052E-03 9.872E+03 4.410E+13 3.606E+00
 0.000E+00
 2.769E+00 3.205E-02-9.999E-01 0.000E+00 1.277E-02 8.236E-04 9.872E+03 4.271E+13 1.015E+01
 0.000E+00
 2.776E+00 3.205E-02-1.000E+00 0.000E+00 9.381E-03 2.202E-03 9.872E+03 4.369E+13 5.071E+00
 0.000E+00
 2.786E+00 3.205E-02-1.000E+00 0.000E+00 8.688E-03 3.233E-03 9.872E+03 4.500E+13 3.870E+00
 0.000E+00
 2.796E+00 3.205E-02-1.000E+00 0.000E+00 8.215E-03 4.067E-03 9.873E+03 4.642E+13 3.396E+00
 0.000E+00
 2.806E+00 3.205E-02-1.000E+00 0.000E+00 7.875E-03 4.745E-03 9.873E+03 4.783E+13 3.168E+00
 0.000E+00
 2.816E+00 3.205E-02-1.000E+00 0.000E+00 7.612E-03 5.323E-03 9.873E+03 4.920E+13 3.046E+00
 0.000E+00
 2.826E+00 3.205E-02-1.000E+00 0.000E+00 7.399E-03 5.831E-03 9.873E+03 5.056E+13 2.978E+00
 0.000E+00
 2.836E+00 3.205E-02-1.000E+00 0.000E+00 7.221E-03 6.286E-03 9.873E+03 5.189E+13 2.943E+00
 0.000E+00
 2.846E+00 3.205E-02-1.000E+00 0.000E+00 7.070E-03 6.697E-03 9.873E+03 5.319E+13 2.929E+00
 0.000E+00
 2.856E+00 3.205E-02-1.000E+00 0.000E+00 6.939E-03 7.072E-03 9.873E+03 5.447E+13 2.930E+00
 0.000E+00
 2.866E+00 3.205E-02-1.000E+00 0.000E+00 6.824E-03 7.418E-03 9.873E+03 5.571E+13 2.940E+00
 0.000E+00
 2.876E+00 3.205E-02-1.000E+00 0.000E+00 6.723E-03 7.736E-03 9.873E+03 5.692E+13 2.957E+00
 0.000E+00
 2.886E+00 3.205E-02-1.000E+00 0.000E+00 6.634E-03 8.031E-03 9.873E+03 5.810E+13 2.979E+00
 0.000E+00
 2.896E+00 3.205E-02-1.000E+00 0.000E+00 6.554E-03 8.305E-03 9.873E+03 5.924E+13 3.005E+00
 0.000E+00
 2.906E+00 3.205E-02-1.000E+00 0.000E+00 6.482E-03 8.559E-03 9.873E+03 6.033E+13 3.033E+00
 0.000E+00
 2.916E+00 3.205E-02-1.000E+00 0.000E+00 6.418E-03 8.794E-03 9.873E+03 6.138E+13 3.063E+00
 0.000E+00
 2.926E+00 3.205E-02-1.000E+00 0.000E+00 6.360E-03 9.013E-03 9.873E+03 6.239E+13 3.093E+00
 0.000E+00
 2.936E+00 3.205E-02-1.000E+00 0.000E+00 6.308E-03 9.215E-03 9.873E+03 6.335E+13 3.124E+00
 0.000E+00
 2.946E+00 3.205E-02-1.000E+00 0.000E+00 6.261E-03 9.403E-03 9.873E+03 6.426E+13 3.154E+00
 0.000E+00
 2.956E+00 3.205E-02-1.000E+00 0.000E+00 6.218E-03 9.577E-03 9.873E+03 6.513E+13 3.184E+00
 0.000E+00
 2.966E+00 3.205E-02-1.000E+00 0.000E+00 6.179E-03 9.739E-03 9.873E+03 6.595E+13 3.213E+00
 0.000E+00
 2.976E+00 3.205E-02-1.000E+00 0.000E+00 6.144E-03 9.889E-03 9.873E+03 6.672E+13 3.241E+00
 0.000E+00
 2.986E+00 3.205E-02-1.000E+00 0.000E+00 6.112E-03 1.003E-02 9.874E+03 6.746E+13 3.269E+00
 0.000E+00
 2.996E+00 3.205E-02-1.000E+00 0.000E+00 6.083E-03 1.016E-02 9.874E+03 6.815E+13 3.295E+00
 0.000E+00
 3.006E+00 3.205E-02-1.000E+00 0.000E+00 6.056E-03 1.028E-02 9.874E+03 6.881E+13 3.321E+00
 0.000E+00
 3.016E+00 3.205E-02-1.000E+00 0.000E+00 6.031E-03 1.039E-02 9.874E+03 6.944E+13 3.345E+00
 0.000E+00
 3.026E+00 3.205E-02-1.000E+00 0.000E+00 6.008E-03 1.050E-02 9.874E+03 7.003E+13 3.369E+00
 0.000E+00
 3.036E+00 3.205E-02-1.000E+00 0.000E+00 5.987E-03 1.060E-02 9.874E+03 7.058E+13 3.391E+00
 0.000E+00
 3.046E+00 3.205E-02-1.000E+00 0.000E+00 5.967E-03 1.069E-02 9.874E+03 7.111E+13 3.413E+00
 0.000E+00
 3.056E+00 3.205E-02-1.000E+00 0.000E+00 5.949E-03 1.078E-02 9.874E+03 7.160E+13 3.433E+00
 0.000E+00
 3.066E+00 3.205E-02-1.000E+00 0.000E+00 5.933E-03 1.086E-02 9.874E+03 7.207E+13 3.453E+00
 0.000E+00
 3.076E+00 3.205E-02-1.000E+00 0.000E+00 5.917E-03 1.093E-02 9.874E+03 7.252E+13 3.471E+00
 0.000E+00
 3.086E+00 3.205E-02-1.000E+00 0.000E+00 5.903E-03 1.101E-02 9.874E+03 7.294E+13 3.489E+00
 0.000E+00
 3.096E+00 3.205E-02-1.000E+00 0.000E+00 5.889E-03 1.107E-02 9.874E+03 7.333E+13 3.506E+00
 0.000E+00
 3.106E+00 3.205E-02-1.000E+00 0.000E+00 5.876E-03 1.114E-02 9.874E+03 7.371E+13 3.522E+00
 0.000E+00
 3.116E+00 3.205E-02-1.000E+00 0.000E+00 5.865E-03 1.120E-02 9.874E+03 7.407E+13 3.537E+00
 0.000E+00
 3.126E+00 3.205E-02-1.000E+00 0.000E+00 5.853E-03 1.125E-02 9.874E+03 7.441E+13 3.552E+00
 0.000E+00
 3.136E+00 3.205E-02-1.000E+00 0.000E+00 5.843E-03 1.131E-02 9.874E+03 7.474E+13 3.566E+00
 0.000E+00
 3.146E+00 3.205E-02-1.000E+00 0.000E+00 5.833E-03 1.136E-02 9.874E+03 7.505E+13 3.580E+00
 0.000E+00
 3.156E+00 3.205E-02-1.000E+00 0.000E+00 5.823E-03 1.141E-02 9.874E+03 7.536E+13 3.593E+00
 0.000E+00
 3.166E+00 3.205E-02-1.000E+00 0.000E+00 5.814E-03 1.146E-02 9.874E+03 7.565E+13 3.606E+00
 0.000E+00
 3.176E+00 3.205E-02-1.000E+00 0.000E+00 5.805E-03 1.150E-02 9.874E+03 7.593E+13 3.618E+00
 0.000E+00
 3.186E+00 3.205E-02-1.000E+00 0.000E+00 5.796E-03 1.155E-02 9.874E+03 7.621E+13 3.631E+00
 0.000E+00
 3.196E+00 3.205E-02-1.000E+00 0.000E+00 5.788E-03 1.159E-02 9.874E+03 7.648E+13 3.643E+00
 0.000E+00
 3.206E+00 3.205E-02-1.000E+00 0.000E+00 5.780E-03 1.163E-02 9.874E+03 7.675E+13 3.655E+00
 0.000E+00
 3.216E+00 3.205E-02-1.000E+00 0.000E+00 5.771E-03 1.168E-02 9.875E+03 7.702E+13 3.667E+00
 0.000E+00
 3.226E+00 3.205E-02-1.000E+00 0.000E+00 5.763E-03 1.172E-02 9.875E+03 7.729E+13 3.679E+00
 0.000E+00
 3.236E+00 3.205E-02-1.000E+00 0.000E+00 5.755E-03 1.176E-02 9.875E+03 7.756E+13 3.691E+00
 0.000E+00
 3.246E+00 3.205E-02-1.000E+00 0.000E+00 5.747E-03 1.180E-02 9.875E+03 7.784E+13 3.703E+00
 0.000E+00
 3.256E+00 3.205E-02-1.000E+00 0.000E+00 5.739E-03 1.185E-02 9.875E+03 7.812E+13 3.716E+00
 0.000E+00
 3.266E+00 3.205E-02-1.000E+00 0.000E+00 5.730E-03 1.189E-02 9.875E+03 7.841E+13 3.729E+00
 0.000E+00
 3.276E+00 3.205E-02-1.000E+00 0.000E+00 5.722E-03 1.194E-02 9.875E+03 7.871E+13 3.743E+00
 0.000E+00
 3.286E+00 3.205E-02-1.000E+00 0.000E+00 5.713E-03 1.199E-02 9.875E+03 7.902E+13 3.757E+00
 0.000E+00
 3.296E+00 3.205E-02-1.000E+00 0.000E+00 5.704E-03 1.204E-02 9.875E+03 7.934E+13 3.771E+00
 0.000E+00
 3.306E+00 3.205E-02-1.000E+00 0.000E+00 5.694E-03 1.209E-02 9.875E+03 7.968E+13 3.787E+00
 0.000E+00
 3.316E+00 3.205E-02-1.000E+00 0.000E+00 5.684E-03 1.214E-02 9.875E+03 8.003E+13 3.803E+00
 0.000E+00
 3.326E+00 3.205E-02-1.000E+00 0.000E+00 5.674E-03 1.220E-02 9.875E+03 8.040E+13 3.820E+00
 0.000E+00
 3.336E+00 3.205E-02-1.000E+00 0.000E+00 5.664E-03 1.226E-02 9.875E+03 8.079E+13 3.838E+00
 0.000E+00
 3.346E+00 3.205E-02-1.000E+00 0.000E+00 5.653E-03 1.232E-02 9.875E+03 8.119E+13 3.856E+00
 0.000E+00
 3.356E+00 3.205E-02-1.000E+00 0.000E+00 5.643E-03 1.238E-02 9.875E+03 8.160E+13 3.876E+00
 0.000E+00
 3.366E+00 3.205E-02-1.000E+00 0.000E+00 5.632E-03 1.244E-02 9.875E+03 8.203E+13 3.896E+00
 0.000E+00
 3.376E+00 3.205E-02-1.000E+00 0.000E+00 5.620E-03 1.251E-02 9.875E+03 8.246E+13 3.916E+00
 0.000E+00
 3.387E+00 3.205E-02-1.000E+00 0.000E+00 5.609E-03 1.257E-02 9.875E+03 8.291E+13 3.937E+00
 0.000E+00
 3.397E+00 3.205E-02-1.000E+00 0.000E+00 5.598E-03 1.264E-02 9.875E+03 8.337E+13 3.959E+00
 0.000E+00
 3.407E+00 3.205E-02-1.000E+00 0.000E+00 5.586E-03 1.271E-02 9.875E+03 8.384E+13 3.981E+00
 0.000E+00
 3.417E+00 3.205E-02-1.000E+00 0.000E+00 5.575E-03 1.277E-02 9.875E+03 8.432E+13 4.004E+00
 0.000E+00
 3.427E+00 3.205E-02-1.000E+00 0.000E+00 5.563E-03 1.284E-02 9.875E+03 8.480E+13 4.027E+00
 0.000E+00
 3.437E+00 3.205E-02-1.000E+00 0.000E+00 5.552E-03 1.291E-02 9.875E+03 8.529E+13 4.050E+00
 0.000E+00
 3.447E+00 3.205E-02-1.000E+00 0.000E+00 5.541E-03 1.298E-02 9.875E+03 8.578E+13 4.074E+00
 0.000E+00
 3.457E+00 3.205E-02-1.000E+00 0.000E+00 5.529E-03 1.305E-02 9.875E+03 8.628E+13 4.098E+00
 0.000E+00
 3.467E+00 3.205E-02-1.000E+00 0.000E+00 5.518E-03 1.312E-02 9.875E+03 8.678E+13 4.122E+00
 0.000E+00
 3.477E+00 3.205E-02-1.000E+00 0.000E+00 5.507E-03 1.319E-02 9.875E+03 8.728E+13 4.146E+00
 0.000E+00
 3.487E+00 3.205E-02-1.000E+00 0.000E+00 5.496E-03 1.326E-02 9.875E+03 8.779E+13 4.171E+00
 0.000E+00
 3.497E+00 3.205E-02-1.000E+00 0.000E+00 5.485E-03 1.333E-02 9.875E+03 8.829E+13 4.195E+00
 0.000E+00
 3.507E+00 3.205E-02-1.000E+00 0.000E+00 5.474E-03 1.340E-02 9.875E+03 8.879E+13 4.220E+00
 0.000E+00
 3.517E+00 3.205E-02-1.000E+00 0.000E+00 5.463E-03 1.347E-02 9.875E+03 8.929E+13 4.244E+00
 0.000E+00
 3.527E+00 3.205E-02-1.000E+00 0.000E+00 5.453E-03 1.354E-02 9.875E+03 8.979E+13 4.269E+00
 0.000E+00
 3.537E+00 3.205E-02-1.000E+00 0.000E+00 5.443E-03 1.361E-02 9.875E+03 9.028E+13 4.293E+00
 0.000E+00
 3.547E+00 3.205E-02-1.000E+00 0.000E+00 5.433E-03 1.367E-02 9.876E+03 9.077E+13 4.317E+00
 0.000E+00
 3.557E+00 3.205E-02-1.000E+00 0.000E+00 5.423E-03 1.374E-02 9.876E+03 9.125E+13 4.341E+00
 0.000E+00
 3.567E+00 3.205E-02-1.000E+00 0.000E+00 5.414E-03 1.380E-02 9.876E+03 9.173E+13 4.365E+00
 0.000E+00
 3.576E+00 3.205E-02-1.000E+00 0.000E+00 5.404E-03 1.386E-02 9.876E+03 9.220E+13 4.388E+00
 0.000E+00
 3.586E+00 3.205E-02-1.000E+00 0.000E+00 5.395E-03 1.392E-02 9.876E+03 9.265E+13 4.411E+00
 0.000E+00
 3.596E+00 3.205E-02-1.000E+00 0.000E+00 5.387E-03 1.398E-02 9.876E+03 9.310E+13 4.433E+00
 0.000E+00
 3.606E+00 3.205E-02-1.000E+00 0.000E+00 5.378E-03 1.404E-02 9.876E+03 9.354E+13 4.455E+00
 0.000E+00
 3.616E+00 3.205E-02-1.000E+00 0.000E+00 5.370E-03 1.410E-02 9.876E+03 9.397E+13 4.476E+00
 0.000E+00
 3.626E+00 3.205E-02-1.000E+00 0.000E+00 5.362E-03 1.415E-02 9.876E+03 9.438E+13 4.497E+00
 0.000E+00
 3.636E+00 3.205E-02-1.000E+00 0.000E+00 5.354E-03 1.420E-02 9.876E+03 9.478E+13 4.517E+00
 0.000E+00
 3.646E+00 3.205E-02-1.000E+00 0.000E+00 5.347E-03 1.425E-02 9.876E+03 9.516E+13 4.536E+00
 0.000E+00
 3.656E+00 3.205E-02-1.000E+00 0.000E+00 5.340E-03 1.430E-02 9.876E+03 9.553E+13 4.555E+00
 0.000E+00
 3.666E+00 3.205E-02-1.000E+00 0.000E+00 5.333E-03 1.435E-02 9.876E+03 9.588E+13 4.573E+00
 0.000E+00
 3.676E+00 3.205E-02-1.000E+00 0.000E+00 5.327E-03 1.439E-02 9.876E+03 9.621E+13 4.589E+00
 0.000E+00
 3.686E+00 3.205E-02-1.000E+00 0.000E+00 5.321E-03 1.443E-02 9.876E+03 9.652E+13 4.605E+00
 0.000E+00
 3.696E+00 3.205E-02-1.000E+00 0.000E+00 5.315E-03 1.447E-02 9.876E+03 9.682E+13 4.620E+00
 0.000E+00
 3.706E+00 3.205E-02-1.000E+00 0.000E+00 5.310E-03 1.450E-02 9.876E+03 9.709E+13 4.634E+00
 0.000E+00
 3.716E+00 3.205E-02-1.000E+00 0.000E+00 5.305E-03 1.453E-02 9.876E+03 9.735E+13 4.647E+00
 0.000E+00
 3.726E+00 3.205E-02-1.000E+00 0.000E+00 5.300E-03 1.456E-02 9.876E+03 9.758E+13 4.659E+00
 0.000E+00
 3.736E+00 3.205E-02-1.000E+00 0.000E+00 5.295E-03 1.459E-02 9.876E+03 9.780E+13 4.670E+00
 0.000E+00
 3.746E+00 3.205E-02-1.000E+00 0.000E+00 5.291E-03 1.462E-02 9.876E+03 9.799E+13 4.680E+00
 0.000E+00
 3.756E+00 3.205E-02-1.000E+00 0.000E+00 5.287E-03 1.464E-02 9.876E+03 9.818E+13 4.689E+00
 0.000E+00
 3.766E+00 3.205E-02-1.000E+00 0.000E+00 5.284E-03 1.466E-02 9.876E+03 9.834E+13 4.698E+00
 0.000E+00
 3.776E+00 3.205E-02-1.000E+00 0.000E+00 5.280E-03 1.468E-02 9.876E+03 9.849E+13 4.705E+00
 0.000E+00
 3.786E+00 3.205E-02-1.000E+00 0.000E+00 5.277E-03 1.470E-02 9.876E+03 9.862E+13 4.712E+00
 0.000E+00
 3.796E+00 3.205E-02-1.000E+00 0.000E+00 5.274E-03 1.471E-02 9.876E+03 9.874E+13 4.718E+00
 0.000E+00
 3.806E+00 3.205E-02-1.000E+00 0.000E+00 5.271E-03 1.472E-02 9.876E+03 9.885E+13 4.724E+00
 0.000E+00
 3.816E+00 3.205E-02-1.000E+00 0.000E+00 5.269E-03 1.474E-02 9.876E+03 9.894E+13 4.728E+00
 0.000E+00
 3.826E+00 3.205E-02-1.000E+00 0.000E+00 5.266E-03 1.475E-02 9.876E+03 9.902E+13 4.733E+00
 0.000E+00
 3.836E+00 3.205E-02-1.000E+00 0.000E+00 5.264E-03 1.475E-02 9.876E+03 9.909E+13 4.736E+00
 0.000E+00
 3.846E+00 3.205E-02-1.000E+00 0.000E+00 5.262E-03 1.476E-02 9.876E+03 9.915E+13 4.739E+00
 0.000E+00
 3.856E+00 3.205E-02-1.000E+00 0.000E+00 5.260E-03 1.477E-02 9.876E+03 9.920E+13 4.742E+00
 0.000E+00
 3.866E+00 3.205E-02-1.000E+00 0.000E+00 5.258E-03 1.477E-02 9.876E+03 9.924E+13 4.744E+00
 0.000E+00
 3.876E+00 3.205E-02-1.000E+00 0.000E+00 5.256E-03 1.478E-02 9.876E+03 9.926E+13 4.745E+00
 0.000E+00
 3.886E+00 3.205E-02-1.000E+00 0.000E+00 5.255E-03 1.478E-02 9.876E+03 9.929E+13 4.746E+00
 0.000E+00
 3.896E+00 3.205E-02-1.000E+00 0.000E+00 5.253E-03 1.478E-02 9.876E+03 9.930E+13 4.747E+00
 0.000E+00
 3.906E+00 3.205E-02-1.000E+00 0.000E+00 5.252E-03 1.478E-02 9.876E+03 9.931E+13 4.747E+00
 0.000E+00
 3.916E+00 3.205E-02-1.000E+00 0.000E+00 5.251E-03 1.478E-02 9.876E+03 9.931E+13 4.747E+00
 0.000E+00
 3.926E+00 3.205E-02-1.000E+00 0.000E+00 5.249E-03 1.478E-02 9.876E+03 9.930E+13 4.747E+00
 0.000E+00
 3.936E+00 3.205E-02-1.000E+00 0.000E+00 5.248E-03 1.478E-02 9.876E+03 9.929E+13 4.747E+00
 0.000E+00
 3.946E+00 3.205E-02-1.000E+00 0.000E+00 5.247E-03 1.478E-02 9.876E+03 9.928E+13 4.746E+00
 0.000E+00
 3.958E+00 3.205E-02-1.000E+00 0.000E+00 5.246E-03 1.478E-02 9.876E+03 9.926E+13 4.745E+00
 0.000E+00
 3.971E+00 3.205E-02-1.000E+00 0.000E+00 5.244E-03 1.477E-02 9.876E+03 9.924E+13 4.744E+00
 0.000E+00
 3.976E+00 3.205E-02-1.000E+00 0.000E+00 5.244E-03 1.477E-02 9.876E+03 9.923E+13 4.743E+00
 0.000E+00
 3.986E+00 3.205E-02-1.000E+00 0.000E+00 5.243E-03 1.477E-02 9.876E+03 9.920E+13 4.742E+00
 0.000E+00
 3.996E+00 3.205E-02-1.000E+00 0.000E+00 5.242E-03 1.477E-02 9.876E+03 9.918E+13 4.741E+00
 0.000E+00
 4.006E+00 3.205E-02-1.000E+00 0.000E+00 5.240E-03 1.476E-02 9.876E+03 9.916E+13 4.740E+00
 0.000E+00
 4.019E+00 3.205E-02-1.000E+00 0.000E+00 5.239E-03 1.476E-02 9.876E+03 9.913E+13 4.738E+00
 0.000E+00
 4.036E+00 3.205E-02-1.000E+00 0.000E+00 5.237E-03 1.476E-02 9.876E+03 9.910E+13 4.736E+00
 0.000E+00
 4.049E+00 3.205E-02-1.000E+00 0.000E+00 5.235E-03 1.475E-02 9.876E+03 9.908E+13 4.735E+00
 0.000E+00
 4.087E+00 3.205E-02-1.000E+00 0.000E+00 5.230E-03 1.475E-02 9.876E+03 9.909E+13 4.736E+00
 0.000E+00
 4.097E+00 3.205E-02-1.000E+00 0.000E+00 5.228E-03 1.476E-02 9.876E+03 9.910E+13 4.737E+00
 0.000E+00
 4.107E+00 3.205E-02-1.000E+00 0.000E+00 5.226E-03 1.476E-02 9.876E+03 9.912E+13 4.738E+00
 0.000E+00
 4.117E+00 3.205E-02-1.000E+00 0.000E+00 5.224E-03 1.476E-02 9.876E+03 9.914E+13 4.739E+00
 0.000E+00
 4.127E+00 3.205E-02-1.000E+00 0.000E+00 5.222E-03 1.476E-02 9.876E+03 9.917E+13 4.740E+00
 0.000E+00
 4.137E+00 3.205E-02-1.000E+00 0.000E+00 5.220E-03 1.477E-02 9.876E+03 9.919E+13 4.741E+00
 0.000E+00
 4.147E+00 3.205E-02-1.000E+00 0.000E+00 5.219E-03 1.477E-02 9.876E+03 9.921E+13 4.742E+00
 0.000E+00
 4.157E+00 3.205E-02-1.000E+00 0.000E+00 5.217E-03 1.477E-02 9.876E+03 9.923E+13 4.743E+00
 0.000E+00
 4.167E+00 3.205E-02-1.000E+00 0.000E+00 5.215E-03 1.477E-02 9.876E+03 9.925E+13 4.745E+00
 0.000E+00
 4.177E+00 3.205E-02-1.000E+00 0.000E+00 5.213E-03 1.478E-02 9.876E+03 9.927E+13 4.745E+00
 0.000E+00
 4.187E+00 3.205E-02-1.000E+00 0.000E+00 5.211E-03 1.478E-02 9.876E+03 9.929E+13 4.746E+00
 0.000E+00
 4.197E+00 3.205E-02-1.000E+00 0.000E+00 5.209E-03 1.478E-02 9.876E+03 9.930E+13 4.747E+00
 0.000E+00
 4.207E+00 3.205E-02-1.000E+00 0.000E+00 5.208E-03 1.478E-02 9.876E+03 9.931E+13 4.747E+00
 0.000E+00
 4.217E+00 3.205E-02-1.000E+00 0.000E+00 5.206E-03 1.478E-02 9.876E+03 9.931E+13 4.747E+00
 0.000E+00
 4.227E+00 3.205E-02-1.000E+00 0.000E+00 5.204E-03 1.478E-02 9.876E+03 9.931E+13 4.747E+00
 0.000E+00
 4.237E+00 3.205E-02-1.000E+00 0.000E+00 5.203E-03 1.478E-02 9.876E+03 9.930E+13 4.747E+00
 0.000E+00
 4.247E+00 3.205E-02-1.000E+00 0.000E+00 5.201E-03 1.478E-02 9.876E+03 9.928E+13 4.746E+00
 0.000E+00
 4.257E+00 3.205E-02-1.000E+00 0.000E+00 5.200E-03 1.478E-02 9.876E+03 9.925E+13 4.744E+00
 0.000E+00
 4.267E+00 3.205E-02-1.000E+00 0.000E+00 5.199E-03 1.477E-02 9.876E+03 9.922E+13 4.743E+00
 0.000E+00
 4.277E+00 3.205E-02-1.000E+00 0.000E+00 5.198E-03 1.477E-02 9.876E+03 9.918E+13 4.741E+00
 0.000E+00
 4.287E+00 3.205E-02-1.000E+00 0.000E+00 5.197E-03 1.476E-02 9.876E+03 9.913E+13 4.738E+00
 0.000E+00
 4.297E+00 3.205E-02-1.000E+00 0.000E+00 5.196E-03 1.475E-02 9.876E+03 9.907E+13 4.735E+00
 0.000E+00
 4.307E+00 3.205E-02-1.000E+00 0.000E+00 5.195E-03 1.474E-02 9.876E+03 9.899E+13 4.731E+00
 0.000E+00
 4.317E+00 3.205E-02-1.000E+00 0.000E+00 5.195E-03 1.473E-02 9.876E+03 9.891E+13 4.727E+00
 0.000E+00
 4.327E+00 3.205E-02-1.000E+00 0.000E+00 5.195E-03 1.472E-02 9.876E+03 9.881E+13 4.722E+00
 0.000E+00
 4.337E+00 3.205E-02-1.000E+00 0.000E+00 5.195E-03 1.471E-02 9.876E+03 9.870E+13 4.716E+00
 0.000E+00
 4.347E+00 3.205E-02-1.000E+00 0.000E+00 5.195E-03 1.469E-02 9.876E+03 9.857E+13 4.710E+00
 0.000E+00
 4.357E+00 3.205E-02-1.000E+00 0.000E+00 5.195E-03 1.467E-02 9.876E+03 9.843E+13 4.702E+00
 0.000E+00
 4.367E+00 3.205E-02-1.000E+00 0.000E+00 5.196E-03 1.465E-02 9.876E+03 9.828E+13 4.694E+00
 0.000E+00
 4.377E+00 3.205E-02-1.000E+00 0.000E+00 5.196E-03 1.463E-02 9.876E+03 9.811E+13 4.686E+00
 0.000E+00
 4.387E+00 3.205E-02-1.000E+00 0.000E+00 5.197E-03 1.461E-02 9.876E+03 9.792E+13 4.676E+00
 0.000E+00
 4.397E+00 3.205E-02-1.000E+00 0.000E+00 5.199E-03 1.458E-02 9.876E+03 9.771E+13 4.666E+00
 0.000E+00
 4.407E+00 3.205E-02-1.000E+00 0.000E+00 5.200E-03 1.455E-02 9.876E+03 9.749E+13 4.654E+00
 0.000E+00
 4.417E+00 3.205E-02-1.000E+00 0.000E+00 5.202E-03 1.452E-02 9.876E+03 9.725E+13 4.642E+00
 0.000E+00
 4.427E+00 3.205E-02-1.000E+00 0.000E+00 5.204E-03 1.449E-02 9.876E+03 9.699E+13 4.629E+00
 0.000E+00
 4.437E+00 3.205E-02-1.000E+00 0.000E+00 5.207E-03 1.445E-02 9.876E+03 9.670E+13 4.614E+00
 0.000E+00
 4.447E+00 3.205E-02-1.000E+00 0.000E+00 5.210E-03 1.441E-02 9.876E+03 9.640E+13 4.599E+00
 0.000E+00
 4.457E+00 3.205E-02-1.000E+00 0.000E+00 5.213E-03 1.437E-02 9.876E+03 9.608E+13 4.583E+00
 0.000E+00
 4.467E+00 3.205E-02-1.000E+00 0.000E+00 5.216E-03 1.433E-02 9.876E+03 9.574E+13 4.566E+00
 0.000E+00
 4.477E+00 3.205E-02-1.000E+00 0.000E+00 5.220E-03 1.428E-02 9.876E+03 9.538E+13 4.548E+00
 0.000E+00
 4.487E+00 3.205E-02-1.000E+00 0.000E+00 5.224E-03 1.423E-02 9.876E+03 9.501E+13 4.529E+00
 0.000E+00
 4.497E+00 3.205E-02-1.000E+00 0.000E+00 5.229E-03 1.418E-02 9.876E+03 9.462E+13 4.509E+00
 0.000E+00
 4.507E+00 3.205E-02-1.000E+00 0.000E+00 5.233E-03 1.413E-02 9.876E+03 9.422E+13 4.489E+00
 0.000E+00
 4.517E+00 3.205E-02-1.000E+00 0.000E+00 5.238E-03 1.407E-02 9.876E+03 9.380E+13 4.468E+00
 0.000E+00
 4.527E+00 3.205E-02-1.000E+00 0.000E+00 5.244E-03 1.402E-02 9.876E+03 9.337E+13 4.446E+00
 0.000E+00
 4.537E+00 3.205E-02-1.000E+00 0.000E+00 5.249E-03 1.396E-02 9.876E+03 9.293E+13 4.424E+00
 0.000E+00
 4.547E+00 3.205E-02-1.000E+00 0.000E+00 5.255E-03 1.390E-02 9.876E+03 9.248E+13 4.402E+00
 0.000E+00
 4.557E+00 3.205E-02-1.000E+00 0.000E+00 5.261E-03 1.384E-02 9.876E+03 9.201E+13 4.379E+00
 0.000E+00
 4.567E+00 3.205E-02-1.000E+00 0.000E+00 5.267E-03 1.378E-02 9.876E+03 9.154E+13 4.355E+00
 0.000E+00
 4.577E+00 3.205E-02-1.000E+00 0.000E+00 5.274E-03 1.371E-02 9.876E+03 9.106E+13 4.332E+00
 0.000E+00
 4.587E+00 3.205E-02-1.000E+00 0.000E+00 5.281E-03 1.365E-02 9.876E+03 9.058E+13 4.308E+00
 0.000E+00
 4.597E+00 3.205E-02-1.000E+00 0.000E+00 5.288E-03 1.358E-02 9.875E+03 9.009E+13 4.283E+00
 0.000E+00
 4.607E+00 3.205E-02-1.000E+00 0.000E+00 5.295E-03 1.351E-02 9.875E+03 8.959E+13 4.259E+00
 0.000E+00
 4.617E+00 3.205E-02-1.000E+00 0.000E+00 5.302E-03 1.344E-02 9.875E+03 8.910E+13 4.235E+00
 0.000E+00
 4.627E+00 3.205E-02-1.000E+00 0.000E+00 5.310E-03 1.338E-02 9.875E+03 8.859E+13 4.210E+00
 0.000E+00
 4.637E+00 3.205E-02-1.000E+00 0.000E+00 5.317E-03 1.331E-02 9.875E+03 8.809E+13 4.186E+00
 0.000E+00
 4.647E+00 3.205E-02-1.000E+00 0.000E+00 5.325E-03 1.324E-02 9.875E+03 8.759E+13 4.161E+00
 0.000E+00
 4.657E+00 3.205E-02-1.000E+00 0.000E+00 5.333E-03 1.317E-02 9.875E+03 8.708E+13 4.137E+00
 0.000E+00
 4.667E+00 3.205E-02-1.000E+00 0.000E+00 5.341E-03 1.310E-02 9.875E+03 8.658E+13 4.112E+00
 0.000E+00
 4.677E+00 3.205E-02-1.000E+00 0.000E+00 5.349E-03 1.303E-02 9.875E+03 8.608E+13 4.088E+00
 0.000E+00
 4.687E+00 3.205E-02-1.000E+00 0.000E+00 5.358E-03 1.296E-02 9.875E+03 8.559E+13 4.064E+00
 0.000E+00
 4.697E+00 3.205E-02-1.000E+00 0.000E+00 5.366E-03 1.289E-02 9.875E+03 8.509E+13 4.041E+00
 0.000E+00
 4.707E+00 3.205E-02-1.000E+00 0.000E+00 5.374E-03 1.282E-02 9.875E+03 8.461E+13 4.018E+00
 0.000E+00
 4.717E+00 3.205E-02-1.000E+00 0.000E+00 5.383E-03 1.275E-02 9.875E+03 8.413E+13 3.995E+00
 0.000E+00
 4.727E+00 3.205E-02-1.000E+00 0.000E+00 5.391E-03 1.268E-02 9.875E+03 8.365E+13 3.972E+00
 0.000E+00
 4.737E+00 3.205E-02-1.000E+00 0.000E+00 5.399E-03 1.261E-02 9.875E+03 8.319E+13 3.950E+00
 0.000E+00
 4.747E+00 3.205E-02-1.000E+00 0.000E+00 5.407E-03 1.254E-02 9.875E+03 8.273E+13 3.929E+00
 0.000E+00
 4.757E+00 3.205E-02-1.000E+00 0.000E+00 5.415E-03 1.248E-02 9.875E+03 8.229E+13 3.908E+00
 0.000E+00
 4.767E+00 3.205E-02-1.000E+00 0.000E+00 5.423E-03 1.241E-02 9.875E+03 8.185E+13 3.888E+00
 0.000E+00
 4.777E+00 3.205E-02-1.000E+00 0.000E+00 5.431E-03 1.235E-02 9.875E+03 8.143E+13 3.868E+00
 0.000E+00
 4.787E+00 3.205E-02-1.000E+00 0.000E+00 5.439E-03 1.229E-02 9.875E+03 8.102E+13 3.849E+00
 0.000E+00
 4.797E+00 3.205E-02-1.000E+00 0.000E+00 5.446E-03 1.223E-02 9.875E+03 8.063E+13 3.831E+00
 0.000E+00
 4.807E+00 3.205E-02-1.000E+00 0.000E+00 5.453E-03 1.217E-02 9.875E+03 8.025E+13 3.813E+00
 0.000E+00
 4.817E+00 3.205E-02-1.000E+00 0.000E+00 5.460E-03 1.212E-02 9.875E+03 7.989E+13 3.796E+00
 0.000E+00
 4.827E+00 3.205E-02-1.000E+00 0.000E+00 5.467E-03 1.207E-02 9.875E+03 7.954E+13 3.781E+00
 0.000E+00
 4.837E+00 3.205E-02-1.000E+00 0.000E+00 5.473E-03 1.202E-02 9.875E+03 7.921E+13 3.765E+00
 0.000E+00
 4.847E+00 3.205E-02-1.000E+00 0.000E+00 5.479E-03 1.197E-02 9.875E+03 7.889E+13 3.751E+00
 0.000E+00


