 rho spower powden powden_e                            powden_i powden_cl
  0.7835E-03  0.1515E+10  0.1515E+10  0.0000E+00  0.0000E+00  0.1515E+10
  0.2351E-02  0.1932E+10  0.1932E+10  0.0000E+00  0.0000E+00  0.1932E+10
  0.3918E-02  0.2222E+10  0.2222E+10  0.0000E+00  0.0000E+00  0.2222E+10
  0.5485E-02  0.2684E+10  0.2684E+10  0.0000E+00  0.0000E+00  0.2684E+10
  0.7052E-02  0.3346E+10  0.3346E+10  0.0000E+00  0.0000E+00  0.3346E+10
  0.8619E-02  0.4241E+10  0.4241E+10  0.0000E+00  0.0000E+00  0.4241E+10
  0.1019E-01  0.5400E+10  0.5400E+10  0.0000E+00  0.0000E+00  0.5400E+10
  0.1175E-01  0.6844E+10  0.6844E+10  0.0000E+00  0.0000E+00  0.6844E+10
  0.1332E-01  0.8604E+10  0.8604E+10  0.0000E+00  0.0000E+00  0.8604E+10
  0.1489E-01  0.1072E+11  0.1072E+11  0.0000E+00  0.0000E+00  0.1072E+11
  0.1645E-01  0.1323E+11  0.1323E+11  0.0000E+00  0.0000E+00  0.1323E+11
  0.1802E-01  0.1624E+11  0.1624E+11  0.0000E+00  0.0000E+00  0.1624E+11
  0.1959E-01  0.1986E+11  0.1986E+11  0.0000E+00  0.0000E+00  0.1986E+11
  0.2115E-01  0.2427E+11  0.2427E+11  0.0000E+00  0.0000E+00  0.2427E+11
  0.2272E-01  0.2966E+11  0.2966E+11  0.0000E+00  0.0000E+00  0.2966E+11
  0.2429E-01  0.3607E+11  0.3607E+11  0.0000E+00  0.0000E+00  0.3607E+11
  0.2586E-01  0.4345E+11  0.4345E+11  0.0000E+00  0.0000E+00  0.4345E+11
  0.2742E-01  0.5154E+11  0.5154E+11  0.0000E+00  0.0000E+00  0.5154E+11
  0.2899E-01  0.5991E+11  0.5991E+11  0.0000E+00  0.0000E+00  0.5991E+11
  0.3056E-01  0.1463E+12  0.1463E+12  0.0000E+00  0.0000E+00  0.8297E+11
  0.3212E-01  0.2619E+12  0.2619E+12  0.0000E+00  0.0000E+00  0.1418E+12
  0.3369E-01  0.2483E+12  0.2483E+12  0.0000E+00  0.0000E+00  0.2342E+12
  0.3526E-01  0.5146E+09  0.5146E+09  0.0000E+00  0.0000E+00  0.5146E+09
  0.3682E-01  0.3249E+09  0.3249E+09  0.0000E+00  0.0000E+00  0.3249E+09
  0.3839E-01  0.2105E+09  0.2105E+09  0.0000E+00  0.0000E+00  0.2105E+09
  0.3996E-01  0.1354E+09  0.1354E+09  0.0000E+00  0.0000E+00  0.1354E+09
  0.4153E-01  0.8668E+08  0.8668E+08  0.0000E+00  0.0000E+00  0.8668E+08
  0.4309E-01  0.5571E+08  0.5571E+08  0.0000E+00  0.0000E+00  0.5571E+08
  0.4466E-01  0.3686E+08  0.3686E+08  0.0000E+00  0.0000E+00  0.3686E+08
  0.4623E-01  0.2646E+08  0.2646E+08  0.0000E+00  0.0000E+00  0.2646E+08
  0.4779E-01  0.2167E+08  0.2167E+08  0.0000E+00  0.0000E+00  0.2167E+08
  0.4936E-01  0.1991E+08  0.1991E+08  0.0000E+00  0.0000E+00  0.1991E+08
  0.5093E-01  0.1884E+08  0.1884E+08  0.0000E+00  0.0000E+00  0.1884E+08
  0.5249E-01  0.1743E+08  0.1743E+08  0.0000E+00  0.0000E+00  0.1743E+08
  0.5406E-01  0.1577E+08  0.1577E+08  0.0000E+00  0.0000E+00  0.1577E+08
  0.5563E-01  0.1402E+08  0.1402E+08  0.0000E+00  0.0000E+00  0.1402E+08
  0.5720E-01  0.1233E+08  0.1233E+08  0.0000E+00  0.0000E+00  0.1233E+08
  0.5876E-01  0.1086E+08  0.1086E+08  0.0000E+00  0.0000E+00  0.1086E+08
  0.6033E-01  0.9778E+07  0.9778E+07  0.0000E+00  0.0000E+00  0.9778E+07
  0.6190E-01  0.9158E+07  0.9158E+07  0.0000E+00  0.0000E+00  0.9158E+07
  0.6346E-01  0.8930E+07  0.8930E+07  0.0000E+00  0.0000E+00  0.8930E+07
  0.6503E-01  0.8993E+07  0.8993E+07  0.0000E+00  0.0000E+00  0.8993E+07
  0.6660E-01  0.9242E+07  0.9242E+07  0.0000E+00  0.0000E+00  0.9242E+07
  0.6817E-01  0.9576E+07  0.9576E+07  0.0000E+00  0.0000E+00  0.9576E+07
  0.6973E-01  0.9891E+07  0.9891E+07  0.0000E+00  0.0000E+00  0.9891E+07
  0.7130E-01  0.1010E+08  0.1010E+08  0.0000E+00  0.0000E+00  0.1010E+08
  0.7287E-01  0.1020E+08  0.1020E+08  0.0000E+00  0.0000E+00  0.1020E+08
  0.7443E-01  0.1021E+08  0.1021E+08  0.0000E+00  0.0000E+00  0.1021E+08
  0.7600E-01  0.1016E+08  0.1016E+08  0.0000E+00  0.0000E+00  0.1016E+08
  0.7757E-01  0.1007E+08  0.1007E+08  0.0000E+00  0.0000E+00  0.1007E+08
  0.7913E-01  0.3545E+07  0.3545E+07  0.0000E+00  0.0000E+00  0.3545E+07
  0.8070E-01  0.0000E+00  0.0000E+00  0.0000E+00  0.0000E+00  0.0000E+00
  0.8227E-01  0.0000E+00  0.0000E+00  0.0000E+00  0.0000E+00  0.0000E+00
  0.8384E-01  0.0000E+00  0.0000E+00  0.0000E+00  0.0000E+00  0.0000E+00
  0.8540E-01  0.0000E+00  0.0000E+00  0.0000E+00  0.0000E+00  0.0000E+00
  0.8697E-01  0.0000E+00  0.0000E+00  0.0000E+00  0.0000E+00  0.0000E+00
  0.8854E-01  0.0000E+00  0.0000E+00  0.0000E+00  0.0000E+00  0.0000E+00
  0.9010E-01  0.0000E+00  0.0000E+00  0.0000E+00  0.0000E+00  0.0000E+00
  0.9167E-01  0.0000E+00  0.0000E+00  0.0000E+00  0.0000E+00  0.0000E+00
  0.9324E-01  0.0000E+00  0.0000E+00  0.0000E+00  0.0000E+00  0.0000E+00
  0.9480E-01  0.0000E+00  0.0000E+00  0.0000E+00  0.0000E+00  0.0000E+00
  0.9637E-01  0.0000E+00  0.0000E+00  0.0000E+00  0.0000E+00  0.0000E+00
  0.9794E-01  0.0000E+00  0.0000E+00  0.0000E+00  0.0000E+00  0.0000E+00
  0.9951E-01  0.0000E+00  0.0000E+00  0.0000E+00  0.0000E+00  0.0000E+00
  0.1011E+00  0.0000E+00  0.0000E+00  0.0000E+00  0.0000E+00  0.0000E+00
  0.1026E+00  0.0000E+00  0.0000E+00  0.0000E+00  0.0000E+00  0.0000E+00
  0.1042E+00  0.0000E+00  0.0000E+00  0.0000E+00  0.0000E+00  0.0000E+00
  0.1058E+00  0.0000E+00  0.0000E+00  0.0000E+00  0.0000E+00  0.0000E+00
  0.1073E+00  0.0000E+00  0.0000E+00  0.0000E+00  0.0000E+00  0.0000E+00
  0.1089E+00  0.0000E+00  0.0000E+00  0.0000E+00  0.0000E+00  0.0000E+00
  0.1105E+00  0.0000E+00  0.0000E+00  0.0000E+00  0.0000E+00  0.0000E+00
  0.1120E+00  0.0000E+00  0.0000E+00  0.0000E+00  0.0000E+00  0.0000E+00
  0.1136E+00  0.0000E+00  0.0000E+00  0.0000E+00  0.0000E+00  0.0000E+00
  0.1152E+00  0.0000E+00  0.0000E+00  0.0000E+00  0.0000E+00  0.0000E+00
  0.1167E+00  0.0000E+00  0.0000E+00  0.0000E+00  0.0000E+00  0.0000E+00
  0.1183E+00  0.0000E+00  0.0000E+00  0.0000E+00  0.0000E+00  0.0000E+00
  0.1199E+00  0.0000E+00  0.0000E+00  0.0000E+00  0.0000E+00  0.0000E+00
  0.1214E+00  0.0000E+00  0.0000E+00  0.0000E+00  0.0000E+00  0.0000E+00
  0.1230E+00  0.0000E+00  0.0000E+00  0.0000E+00  0.0000E+00  0.0000E+00
  0.1246E+00  0.0000E+00  0.0000E+00  0.0000E+00  0.0000E+00  0.0000E+00
  0.1261E+00  0.0000E+00  0.0000E+00  0.0000E+00  0.0000E+00  0.0000E+00
  0.1277E+00  0.0000E+00  0.0000E+00  0.0000E+00  0.0000E+00  0.0000E+00
  0.1293E+00  0.0000E+00  0.0000E+00  0.0000E+00  0.0000E+00  0.0000E+00
  0.1308E+00  0.0000E+00  0.0000E+00  0.0000E+00  0.0000E+00  0.0000E+00
  0.1324E+00  0.0000E+00  0.0000E+00  0.0000E+00  0.0000E+00  0.0000E+00
  0.1340E+00  0.0000E+00  0.0000E+00  0.0000E+00  0.0000E+00  0.0000E+00
  0.1355E+00  0.0000E+00  0.0000E+00  0.0000E+00  0.0000E+00  0.0000E+00
  0.1371E+00  0.0000E+00  0.0000E+00  0.0000E+00  0.0000E+00  0.0000E+00
  0.1387E+00  0.0000E+00  0.0000E+00  0.0000E+00  0.0000E+00  0.0000E+00
  0.1402E+00  0.0000E+00  0.0000E+00  0.0000E+00  0.0000E+00  0.0000E+00
  0.1418E+00  0.0000E+00  0.0000E+00  0.0000E+00  0.0000E+00  0.0000E+00
  0.1434E+00  0.0000E+00  0.0000E+00  0.0000E+00  0.0000E+00  0.0000E+00
  0.1449E+00  0.0000E+00  0.0000E+00  0.0000E+00  0.0000E+00  0.0000E+00
  0.1465E+00  0.0000E+00  0.0000E+00  0.0000E+00  0.0000E+00  0.0000E+00
  0.1481E+00  0.0000E+00  0.0000E+00  0.0000E+00  0.0000E+00  0.0000E+00
  0.1496E+00  0.0000E+00  0.0000E+00  0.0000E+00  0.0000E+00  0.0000E+00
  0.1512E+00  0.0000E+00  0.0000E+00  0.0000E+00  0.0000E+00  0.0000E+00
  0.1528E+00  0.0000E+00  0.0000E+00  0.0000E+00  0.0000E+00  0.0000E+00
  0.1544E+00  0.0000E+00  0.0000E+00  0.0000E+00  0.0000E+00  0.0000E+00
  0.1559E+00  0.0000E+00  0.0000E+00  0.0000E+00  0.0000E+00  0.0000E+00
  0.1575E+00  0.0000E+00  0.0000E+00  0.0000E+00  0.0000E+00  0.0000E+00
  0.1591E+00  0.0000E+00  0.0000E+00  0.0000E+00  0.0000E+00  0.0000E+00
  0.1606E+00  0.0000E+00  0.0000E+00  0.0000E+00  0.0000E+00  0.0000E+00
  0.1622E+00  0.0000E+00  0.0000E+00  0.0000E+00  0.0000E+00  0.0000E+00
  0.1638E+00  0.0000E+00  0.0000E+00  0.0000E+00  0.0000E+00  0.0000E+00
  0.1653E+00  0.0000E+00  0.0000E+00  0.0000E+00  0.0000E+00  0.0000E+00
  0.1669E+00  0.0000E+00  0.0000E+00  0.0000E+00  0.0000E+00  0.0000E+00
  0.1685E+00  0.0000E+00  0.0000E+00  0.0000E+00  0.0000E+00  0.0000E+00
  0.1700E+00  0.0000E+00  0.0000E+00  0.0000E+00  0.0000E+00  0.0000E+00
  0.1716E+00  0.0000E+00  0.0000E+00  0.0000E+00  0.0000E+00  0.0000E+00
  0.1732E+00  0.0000E+00  0.0000E+00  0.0000E+00  0.0000E+00  0.0000E+00
  0.1747E+00  0.0000E+00  0.0000E+00  0.0000E+00  0.0000E+00  0.0000E+00
  0.1763E+00  0.0000E+00  0.0000E+00  0.0000E+00  0.0000E+00  0.0000E+00
  0.1779E+00  0.0000E+00  0.0000E+00  0.0000E+00  0.0000E+00  0.0000E+00
  0.1794E+00  0.0000E+00  0.0000E+00  0.0000E+00  0.0000E+00  0.0000E+00
  0.1810E+00  0.0000E+00  0.0000E+00  0.0000E+00  0.0000E+00  0.0000E+00
  0.1826E+00  0.0000E+00  0.0000E+00  0.0000E+00  0.0000E+00  0.0000E+00
  0.1841E+00  0.0000E+00  0.0000E+00  0.0000E+00  0.0000E+00  0.0000E+00
  0.1857E+00  0.0000E+00  0.0000E+00  0.0000E+00  0.0000E+00  0.0000E+00
  0.1873E+00  0.0000E+00  0.0000E+00  0.0000E+00  0.0000E+00  0.0000E+00
  0.1888E+00  0.0000E+00  0.0000E+00  0.0000E+00  0.0000E+00  0.0000E+00
  0.1904E+00  0.0000E+00  0.0000E+00  0.0000E+00  0.0000E+00  0.0000E+00
  0.1920E+00  0.0000E+00  0.0000E+00  0.0000E+00  0.0000E+00  0.0000E+00
  0.1935E+00  0.0000E+00  0.0000E+00  0.0000E+00  0.0000E+00  0.0000E+00
  0.1951E+00  0.0000E+00  0.0000E+00  0.0000E+00  0.0000E+00  0.0000E+00
  0.1967E+00  0.0000E+00  0.0000E+00  0.0000E+00  0.0000E+00  0.0000E+00
  0.1982E+00  0.0000E+00  0.0000E+00  0.0000E+00  0.0000E+00  0.0000E+00
  0.1998E+00  0.0000E+00  0.0000E+00  0.0000E+00  0.0000E+00  0.0000E+00
  0.2014E+00  0.0000E+00  0.0000E+00  0.0000E+00  0.0000E+00  0.0000E+00
  0.2029E+00  0.0000E+00  0.0000E+00  0.0000E+00  0.0000E+00  0.0000E+00
  0.2045E+00  0.0000E+00  0.0000E+00  0.0000E+00  0.0000E+00  0.0000E+00
  0.2061E+00  0.0000E+00  0.0000E+00  0.0000E+00  0.0000E+00  0.0000E+00
  0.2076E+00  0.0000E+00  0.0000E+00  0.0000E+00  0.0000E+00  0.0000E+00
  0.2092E+00  0.0000E+00  0.0000E+00  0.0000E+00  0.0000E+00  0.0000E+00
  0.2108E+00  0.0000E+00  0.0000E+00  0.0000E+00  0.0000E+00  0.0000E+00
  0.2123E+00  0.0000E+00  0.0000E+00  0.0000E+00  0.0000E+00  0.0000E+00
  0.2139E+00  0.0000E+00  0.0000E+00  0.0000E+00  0.0000E+00  0.0000E+00
  0.2155E+00  0.0000E+00  0.0000E+00  0.0000E+00  0.0000E+00  0.0000E+00
  0.2170E+00  0.0000E+00  0.0000E+00  0.0000E+00  0.0000E+00  0.0000E+00
  0.2186E+00  0.0000E+00  0.0000E+00  0.0000E+00  0.0000E+00  0.0000E+00
  0.2202E+00  0.0000E+00  0.0000E+00  0.0000E+00  0.0000E+00  0.0000E+00
  0.2217E+00  0.0000E+00  0.0000E+00  0.0000E+00  0.0000E+00  0.0000E+00
  0.2233E+00  0.0000E+00  0.0000E+00  0.0000E+00  0.0000E+00  0.0000E+00
  0.2249E+00  0.0000E+00  0.0000E+00  0.0000E+00  0.0000E+00  0.0000E+00
  0.2264E+00  0.0000E+00  0.0000E+00  0.0000E+00  0.0000E+00  0.0000E+00
  0.2280E+00  0.0000E+00  0.0000E+00  0.0000E+00  0.0000E+00  0.0000E+00
  0.2296E+00  0.0000E+00  0.0000E+00  0.0000E+00  0.0000E+00  0.0000E+00
  0.2311E+00  0.0000E+00  0.0000E+00  0.0000E+00  0.0000E+00  0.0000E+00
  0.2327E+00  0.0000E+00  0.0000E+00  0.0000E+00  0.0000E+00  0.0000E+00
  0.2343E+00  0.0000E+00  0.0000E+00  0.0000E+00  0.0000E+00  0.0000E+00
  0.2358E+00  0.0000E+00  0.0000E+00  0.0000E+00  0.0000E+00  0.0000E+00
  0.2374E+00  0.0000E+00  0.0000E+00  0.0000E+00  0.0000E+00  0.0000E+00
  0.2390E+00  0.0000E+00  0.0000E+00  0.0000E+00  0.0000E+00  0.0000E+00
  0.2405E+00  0.0000E+00  0.0000E+00  0.0000E+00  0.0000E+00  0.0000E+00
  0.2421E+00  0.0000E+00  0.0000E+00  0.0000E+00  0.0000E+00  0.0000E+00
  0.2437E+00  0.0000E+00  0.0000E+00  0.0000E+00  0.0000E+00  0.0000E+00
  0.2452E+00  0.0000E+00  0.0000E+00  0.0000E+00  0.0000E+00  0.0000E+00
  0.2468E+00  0.0000E+00  0.0000E+00  0.0000E+00  0.0000E+00  0.0000E+00
  0.2484E+00  0.0000E+00  0.0000E+00  0.0000E+00  0.0000E+00  0.0000E+00
  0.2499E+00  0.0000E+00  0.0000E+00  0.0000E+00  0.0000E+00  0.0000E+00
  0.2515E+00  0.0000E+00  0.0000E+00  0.0000E+00  0.0000E+00  0.0000E+00
  0.2531E+00  0.0000E+00  0.0000E+00  0.0000E+00  0.0000E+00  0.0000E+00
  0.2546E+00  0.0000E+00  0.0000E+00  0.0000E+00  0.0000E+00  0.0000E+00
  0.2562E+00  0.0000E+00  0.0000E+00  0.0000E+00  0.0000E+00  0.0000E+00
  0.2578E+00  0.0000E+00  0.0000E+00  0.0000E+00  0.0000E+00  0.0000E+00
  0.2593E+00  0.0000E+00  0.0000E+00  0.0000E+00  0.0000E+00  0.0000E+00
  0.2609E+00  0.0000E+00  0.0000E+00  0.0000E+00  0.0000E+00  0.0000E+00
  0.2625E+00  0.0000E+00  0.0000E+00  0.0000E+00  0.0000E+00  0.0000E+00
  0.2640E+00  0.0000E+00  0.0000E+00  0.0000E+00  0.0000E+00  0.0000E+00
  0.2656E+00  0.0000E+00  0.0000E+00  0.0000E+00  0.0000E+00  0.0000E+00
  0.2672E+00  0.0000E+00  0.0000E+00  0.0000E+00  0.0000E+00  0.0000E+00
  0.2687E+00  0.0000E+00  0.0000E+00  0.0000E+00  0.0000E+00  0.0000E+00
  0.2703E+00  0.0000E+00  0.0000E+00  0.0000E+00  0.0000E+00  0.0000E+00
  0.2719E+00  0.0000E+00  0.0000E+00  0.0000E+00  0.0000E+00  0.0000E+00
  0.2734E+00  0.0000E+00  0.0000E+00  0.0000E+00  0.0000E+00  0.0000E+00
  0.2750E+00  0.0000E+00  0.0000E+00  0.0000E+00  0.0000E+00  0.0000E+00
  0.2766E+00  0.0000E+00  0.0000E+00  0.0000E+00  0.0000E+00  0.0000E+00
  0.2781E+00  0.0000E+00  0.0000E+00  0.0000E+00  0.0000E+00  0.0000E+00
  0.2797E+00  0.0000E+00  0.0000E+00  0.0000E+00  0.0000E+00  0.0000E+00
  0.2813E+00  0.0000E+00  0.0000E+00  0.0000E+00  0.0000E+00  0.0000E+00
  0.2828E+00  0.0000E+00  0.0000E+00  0.0000E+00  0.0000E+00  0.0000E+00
  0.2844E+00  0.0000E+00  0.0000E+00  0.0000E+00  0.0000E+00  0.0000E+00
  0.2860E+00  0.0000E+00  0.0000E+00  0.0000E+00  0.0000E+00  0.0000E+00
  0.2875E+00  0.0000E+00  0.0000E+00  0.0000E+00  0.0000E+00  0.0000E+00
  0.2891E+00  0.0000E+00  0.0000E+00  0.0000E+00  0.0000E+00  0.0000E+00
  0.2907E+00  0.0000E+00  0.0000E+00  0.0000E+00  0.0000E+00  0.0000E+00
  0.2922E+00  0.0000E+00  0.0000E+00  0.0000E+00  0.0000E+00  0.0000E+00
  0.2938E+00  0.0000E+00  0.0000E+00  0.0000E+00  0.0000E+00  0.0000E+00
  0.2954E+00  0.0000E+00  0.0000E+00  0.0000E+00  0.0000E+00  0.0000E+00
  0.2969E+00  0.0000E+00  0.0000E+00  0.0000E+00  0.0000E+00  0.0000E+00
  0.2985E+00  0.0000E+00  0.0000E+00  0.0000E+00  0.0000E+00  0.0000E+00
  0.3001E+00  0.0000E+00  0.0000E+00  0.0000E+00  0.0000E+00  0.0000E+00
  0.3017E+00  0.0000E+00  0.0000E+00  0.0000E+00  0.0000E+00  0.0000E+00
  0.3032E+00  0.0000E+00  0.0000E+00  0.0000E+00  0.0000E+00  0.0000E+00
  0.3048E+00  0.0000E+00  0.0000E+00  0.0000E+00  0.0000E+00  0.0000E+00
  0.3064E+00  0.0000E+00  0.0000E+00  0.0000E+00  0.0000E+00  0.0000E+00
  0.3079E+00  0.0000E+00  0.0000E+00  0.0000E+00  0.0000E+00  0.0000E+00
  0.3095E+00  0.0000E+00  0.0000E+00  0.0000E+00  0.0000E+00  0.0000E+00
  0.3111E+00  0.0000E+00  0.0000E+00  0.0000E+00  0.0000E+00  0.0000E+00
  0.3126E+00  0.0000E+00  0.0000E+00  0.0000E+00  0.0000E+00  0.0000E+00
