 0.000E+00 3.567E-02 4.832E-01 0.000E+00 4.732E-01 9.989E-01 9.313E+03 2.500E+11 1.003E-08
 1.781E-06
 5.501E-02 3.567E-02 4.826E-01 0.000E+00 4.735E-01 9.989E-01 9.356E+03 2.500E+11 1.003E-08
 1.829E-06
 1.050E-01 3.567E-02 4.821E-01 0.000E+00 4.738E-01 9.989E-01 9.396E+03 2.500E+11 1.003E-08
 1.856E-06
 1.550E-01 3.567E-02 4.815E-01 0.000E+00 4.740E-01 9.989E-01 9.435E+03 2.500E+11 1.003E-08
 1.866E-06
 2.050E-01 3.567E-02 4.809E-01 0.000E+00 4.743E-01 9.989E-01 9.475E+03 2.500E+11 1.003E-08
 1.860E-06
 2.550E-01 3.567E-02 4.804E-01 0.000E+00 4.746E-01 9.989E-01 9.514E+03 2.500E+11 1.003E-08
 1.838E-06
 3.050E-01 3.567E-02 4.798E-01 0.000E+00 4.748E-01 9.989E-01 9.553E+03 2.500E+11 1.003E-08
 1.801E-06
 3.550E-01 3.567E-02 4.792E-01 0.000E+00 4.751E-01 9.989E-01 9.592E+03 2.500E+11 1.003E-08
 1.751E-06
 4.050E-01 3.567E-02 4.786E-01 0.000E+00 4.754E-01 9.989E-01 9.631E+03 2.500E+11 1.003E-08
 1.688E-06
 4.550E-01 3.567E-02 4.780E-01 0.000E+00 4.757E-01 9.989E-01 9.670E+03 2.500E+11 1.003E-08
 1.616E-06
 5.050E-01 3.567E-02 4.774E-01 0.000E+00 4.760E-01 9.989E-01 9.709E+03 2.500E+11 1.003E-08
 1.534E-06
 5.550E-01 3.567E-02 4.768E-01 0.000E+00 4.763E-01 9.989E-01 9.748E+03 2.500E+11 1.003E-08
 1.446E-06
 6.050E-01 3.567E-02 4.761E-01 0.000E+00 4.765E-01 9.989E-01 9.787E+03 2.500E+11 1.003E-08
 1.353E-06
 6.550E-01 3.567E-02 4.755E-01 0.000E+00 4.768E-01 9.988E-01 9.826E+03 2.500E+11 1.003E-08
 1.257E-06
 7.050E-01 3.567E-02 4.749E-01 0.000E+00 4.771E-01 9.988E-01 9.865E+03 2.500E+11 1.003E-08
 1.160E-06
 7.550E-01 3.567E-02 4.742E-01 0.000E+00 4.774E-01 9.988E-01 9.904E+03 2.500E+11 1.003E-08
 1.063E-06
 8.050E-01 3.567E-02 4.736E-01 0.000E+00 4.777E-01 9.988E-01 9.942E+03 2.500E+11 1.003E-08
 9.673E-07
 8.550E-01 3.567E-02 4.729E-01 0.000E+00 4.781E-01 9.988E-01 9.981E+03 2.500E+11 1.003E-08
 8.747E-07
 9.050E-01 3.567E-02 4.723E-01 0.000E+00 4.784E-01 9.988E-01 1.002E+04 2.500E+11 1.003E-08
 7.860E-07
 9.550E-01 3.567E-02 4.716E-01 0.000E+00 4.787E-01 9.988E-01 1.006E+04 2.500E+11 1.003E-08
 7.018E-07
 1.005E+00 3.567E-02 4.709E-01 0.000E+00 4.790E-01 9.988E-01 1.010E+04 2.500E+11 1.003E-08
 6.228E-07
 1.055E+00 3.567E-02 4.702E-01 0.000E+00 4.793E-01 9.988E-01 1.013E+04 2.500E+11 1.003E-08
 5.494E-07
 1.105E+00 3.567E-02 4.696E-01 0.000E+00 4.796E-01 9.988E-01 1.017E+04 2.500E+11 1.003E-08
 4.817E-07
 1.155E+00 3.567E-02 4.689E-01 0.000E+00 4.800E-01 9.988E-01 1.021E+04 2.500E+11 1.003E-08
 4.200E-07
 1.205E+00 3.567E-02 4.682E-01 0.000E+00 4.803E-01 9.988E-01 1.025E+04 2.500E+11 1.003E-08
 3.642E-07
 1.255E+00 3.567E-02 4.675E-01 0.000E+00 4.806E-01 9.988E-01 1.029E+04 2.500E+11 1.003E-08
 3.140E-07
 1.305E+00 3.567E-02 4.667E-01 0.000E+00 4.809E-01 9.988E-01 1.033E+04 2.500E+11 1.003E-08
 2.693E-07
 1.355E+00 3.567E-02 4.660E-01 0.000E+00 4.813E-01 9.988E-01 1.036E+04 2.500E+11 1.003E-08
 2.298E-07
 1.405E+00 3.567E-02 4.653E-01 0.000E+00 4.816E-01 9.988E-01 1.040E+04 2.500E+11 1.003E-08
 1.951E-07
 1.455E+00 3.567E-02 4.646E-01 0.000E+00 4.819E-01 9.988E-01 1.044E+04 2.500E+11 1.003E-08
 1.650E-07
 1.505E+00 3.567E-02 4.638E-01 0.000E+00 4.823E-01 9.988E-01 1.048E+04 2.500E+11 1.003E-08
 1.390E-07
 1.555E+00 3.567E-02 4.631E-01 0.000E+00 4.826E-01 9.988E-01 1.051E+04 2.500E+11 1.003E-08
 1.168E-07
 1.605E+00 3.567E-02 4.623E-01 0.000E+00 4.829E-01 9.988E-01 1.055E+04 2.500E+11 1.003E-08
 9.819E-08
 1.655E+00 3.567E-02 4.616E-01 0.000E+00 4.833E-01 9.988E-01 1.059E+04 2.500E+11 1.003E-08
 8.291E-08
 1.705E+00 3.567E-02 4.608E-01 0.000E+00 4.836E-01 9.988E-01 1.063E+04 2.500E+11 1.003E-08
 7.085E-08
 1.755E+00 3.567E-02 4.601E-01 0.000E+00 4.840E-01 9.988E-01 1.066E+04 2.500E+11 1.003E-08
 6.200E-08
 1.805E+00 3.567E-02 4.593E-01 0.000E+00 4.843E-01 9.988E-01 1.070E+04 2.500E+11 1.003E-08
 5.652E-08
 1.855E+00 3.567E-02 4.585E-01 0.000E+00 4.847E-01 9.988E-01 1.074E+04 2.500E+11 1.003E-08
 5.476E-08
 1.905E+00 3.567E-02 4.577E-01 0.000E+00 4.850E-01 9.988E-01 1.077E+04 2.500E+11 1.003E-08
 5.732E-08
 1.955E+00 3.567E-02 4.569E-01 0.000E+00 4.854E-01 9.988E-01 1.081E+04 2.500E+11 1.003E-08
 6.512E-08
 2.005E+00 3.567E-02 4.561E-01 0.000E+00 4.857E-01 9.988E-01 1.085E+04 2.500E+11 1.003E-08
 7.947E-08
 2.055E+00 3.567E-02 4.554E-01 0.000E+00 4.861E-01 9.988E-01 1.088E+04 2.500E+11 1.003E-08
 1.021E-07
 2.105E+00 3.567E-02 4.545E-01 0.000E+00 4.864E-01 9.988E-01 1.092E+04 2.500E+11 1.003E-08
 1.355E-07
 2.155E+00 3.567E-02 4.537E-01 0.000E+00 4.867E-01 9.988E-01 1.096E+04 2.500E+11 1.003E-08
 1.825E-07
 2.205E+00 3.567E-02 4.529E-01 0.000E+00 4.871E-01 9.988E-01 1.099E+04 2.500E+11 1.003E-08
 2.471E-07
 2.255E+00 3.567E-02 4.521E-01 0.000E+00 4.874E-01 9.988E-01 1.103E+04 2.500E+11 1.003E-08
 3.340E-07
 2.305E+00 3.567E-02 4.513E-01 0.000E+00 4.878E-01 9.988E-01 1.106E+04 2.500E+11 1.003E-08
 4.489E-07
 2.355E+00 3.567E-02 4.505E-01 0.000E+00 4.882E-01 9.988E-01 1.110E+04 2.500E+11 1.003E-08
 5.988E-07
 2.405E+00 3.567E-02 4.496E-01 0.000E+00 4.885E-01 9.988E-01 1.114E+04 2.500E+11 1.003E-08
 7.919E-07
 2.455E+00 3.567E-02 4.488E-01 0.000E+00 4.889E-01 9.988E-01 1.117E+04 2.500E+11 1.003E-08
 1.038E-06
 2.505E+00 3.567E-02 4.480E-01 0.000E+00 4.892E-01 9.988E-01 1.121E+04 2.500E+11 1.003E-08
 1.348E-06
 2.555E+00 3.567E-02 4.471E-01 0.000E+00 4.896E-01 9.988E-01 1.124E+04 2.500E+11 1.003E-08
 1.734E-06
 2.605E+00 3.567E-02 4.463E-01 0.000E+00 4.899E-01 9.988E-01 1.128E+04 2.500E+11 1.003E-08
 2.210E-06
 2.655E+00 3.567E-02 4.454E-01 0.000E+00 4.903E-01 9.988E-01 1.131E+04 2.500E+11 1.003E-08
 2.792E-06
 2.705E+00 3.567E-02 4.445E-01 0.000E+00 4.906E-01 9.988E-01 1.135E+04 2.500E+11 1.003E-08
 3.497E-06
 2.755E+00 3.567E-02 4.437E-01 0.000E+00 4.910E-01 9.988E-01 1.138E+04 2.500E+11 1.003E-08
 4.341E-06
 2.805E+00 3.567E-02 4.428E-01 0.000E+00 4.913E-01 9.988E-01 1.142E+04 2.500E+11 1.003E-08
 5.345E-06
 2.855E+00 3.567E-02 4.419E-01 0.000E+00 4.917E-01 9.988E-01 1.145E+04 2.500E+11 1.003E-08
 6.527E-06
 2.905E+00 3.567E-02 4.411E-01 0.000E+00 4.920E-01 9.988E-01 1.149E+04 2.500E+11 1.003E-08
 7.906E-06
 2.955E+00 3.567E-02 4.402E-01 0.000E+00 4.923E-01 9.988E-01 1.152E+04 2.500E+11 1.003E-08
 9.503E-06
 3.005E+00 3.567E-02 4.393E-01 0.000E+00 4.927E-01 9.988E-01 1.156E+04 2.500E+11 1.003E-08
 1.133E-05
 3.055E+00 3.567E-02 4.384E-01 0.000E+00 4.930E-01 9.988E-01 1.159E+04 2.500E+11 1.003E-08
 1.342E-05
 3.105E+00 3.567E-02 4.375E-01 0.000E+00 4.934E-01 9.988E-01 1.163E+04 2.500E+11 1.003E-08
 1.577E-05
 3.155E+00 3.567E-02 4.366E-01 0.000E+00 4.937E-01 9.988E-01 1.166E+04 2.500E+11 1.003E-08
 1.841E-05
 3.205E+00 3.567E-02 4.357E-01 0.000E+00 4.941E-01 9.988E-01 1.169E+04 2.500E+11 1.003E-08
 2.133E-05
 3.255E+00 3.567E-02 4.348E-01 0.000E+00 4.944E-01 9.988E-01 1.173E+04 2.500E+11 1.003E-08
 2.456E-05
 3.305E+00 3.567E-02 4.339E-01 0.000E+00 4.948E-01 9.988E-01 1.176E+04 2.500E+11 1.003E-08
 2.808E-05
 3.355E+00 3.567E-02 4.330E-01 0.000E+00 4.951E-01 9.988E-01 1.180E+04 2.500E+11 1.003E-08
 3.190E-05
 3.405E+00 3.567E-02 4.321E-01 0.000E+00 4.954E-01 9.988E-01 1.183E+04 2.500E+11 1.003E-08
 3.602E-05
 3.455E+00 3.567E-02 4.312E-01 0.000E+00 4.958E-01 9.988E-01 1.186E+04 2.500E+11 1.003E-08
 4.042E-05
 3.505E+00 3.567E-02 4.303E-01 0.000E+00 4.961E-01 9.988E-01 1.190E+04 2.500E+11 1.003E-08
 4.508E-05
 3.555E+00 3.567E-02 4.293E-01 0.000E+00 4.964E-01 9.988E-01 1.193E+04 2.500E+11 1.003E-08
 4.998E-05
 3.605E+00 3.567E-02 4.284E-01 0.000E+00 4.968E-01 9.988E-01 1.196E+04 2.500E+11 1.003E-08
 5.510E-05
 3.655E+00 3.567E-02 4.275E-01 0.000E+00 4.971E-01 9.988E-01 1.200E+04 2.500E+11 1.003E-08
 6.039E-05
 3.705E+00 3.567E-02 4.266E-01 0.000E+00 4.974E-01 9.988E-01 1.203E+04 2.500E+11 1.003E-08
 6.584E-05
 3.755E+00 3.567E-02 4.256E-01 0.000E+00 4.978E-01 9.988E-01 1.206E+04 2.500E+11 1.003E-08
 7.139E-05
 3.805E+00 3.567E-02 4.247E-01 0.000E+00 4.981E-01 9.988E-01 1.209E+04 2.500E+11 1.003E-08
 7.700E-05
 3.855E+00 3.567E-02 4.237E-01 0.000E+00 4.984E-01 9.988E-01 1.213E+04 2.500E+11 1.003E-08
 8.262E-05
 3.905E+00 3.567E-02 4.228E-01 0.000E+00 4.987E-01 9.988E-01 1.216E+04 2.500E+11 1.003E-08
 8.820E-05
 3.955E+00 3.567E-02 4.219E-01 0.000E+00 4.991E-01 9.988E-01 1.219E+04 2.500E+11 1.003E-08
 9.370E-05
 4.005E+00 3.567E-02 4.209E-01 0.000E+00 4.994E-01 9.988E-01 1.222E+04 2.500E+11 1.003E-08
 9.907E-05
 4.055E+00 3.567E-02 4.200E-01 0.000E+00 4.997E-01 9.988E-01 1.225E+04 2.500E+11 1.003E-08
 1.042E-04
 4.105E+00 3.567E-02 4.190E-01 0.000E+00 5.000E-01 9.988E-01 1.229E+04 2.500E+11 1.003E-08
 1.092E-04
 4.155E+00 3.567E-02 4.180E-01 0.000E+00 5.003E-01 9.988E-01 1.232E+04 2.500E+11 1.003E-08
 1.138E-04
 4.205E+00 3.567E-02 4.171E-01 0.000E+00 5.006E-01 9.988E-01 1.235E+04 2.500E+11 1.003E-08
 1.182E-04
 4.255E+00 3.567E-02 4.161E-01 0.000E+00 5.009E-01 9.988E-01 1.238E+04 2.500E+11 1.003E-08
 1.221E-04
 4.305E+00 3.567E-02 4.152E-01 0.000E+00 5.012E-01 9.988E-01 1.241E+04 2.500E+11 1.003E-08
 1.257E-04
 4.355E+00 3.567E-02 4.142E-01 0.000E+00 5.015E-01 9.988E-01 1.244E+04 2.500E+11 1.003E-08
 1.288E-04
 4.405E+00 3.567E-02 4.132E-01 0.000E+00 5.018E-01 9.988E-01 1.247E+04 2.500E+11 1.003E-08
 1.315E-04
 4.455E+00 3.567E-02 4.123E-01 0.000E+00 5.021E-01 9.988E-01 1.250E+04 2.500E+11 1.003E-08
 1.337E-04
 4.505E+00 3.567E-02 4.113E-01 0.000E+00 5.024E-01 9.988E-01 1.253E+04 2.500E+11 1.003E-08
 1.353E-04
 4.555E+00 3.567E-02 4.103E-01 0.000E+00 5.027E-01 9.988E-01 1.256E+04 2.500E+11 1.003E-08
 1.365E-04
 4.605E+00 3.567E-02 4.093E-01 0.000E+00 5.030E-01 9.988E-01 1.259E+04 2.500E+11 1.003E-08
 1.372E-04
 4.655E+00 3.567E-02 4.084E-01 0.000E+00 5.033E-01 9.988E-01 1.263E+04 2.500E+11 1.003E-08
 1.374E-04
 4.705E+00 3.567E-02 4.074E-01 0.000E+00 5.036E-01 9.988E-01 1.266E+04 2.500E+11 1.003E-08
 1.371E-04
 4.755E+00 3.567E-02 4.064E-01 0.000E+00 5.039E-01 9.988E-01 1.269E+04 2.500E+11 1.003E-08
 1.363E-04
 4.805E+00 3.567E-02 4.054E-01 0.000E+00 5.042E-01 9.988E-01 1.272E+04 2.500E+11 1.003E-08
 1.350E-04
 4.855E+00 3.567E-02 4.044E-01 0.000E+00 5.044E-01 9.988E-01 1.274E+04 2.500E+11 1.003E-08
 1.333E-04
 4.905E+00 3.567E-02 4.035E-01 0.000E+00 5.047E-01 9.988E-01 1.277E+04 2.500E+11 1.003E-08
 1.312E-04
 4.955E+00 3.567E-02 4.025E-01 0.000E+00 5.050E-01 9.988E-01 1.280E+04 2.500E+11 1.003E-08
 1.287E-04
 5.005E+00 3.567E-02 4.015E-01 0.000E+00 5.053E-01 9.988E-01 1.283E+04 2.500E+11 1.003E-08
 1.258E-04
 5.055E+00 3.567E-02 4.005E-01 0.000E+00 5.055E-01 9.988E-01 1.286E+04 2.500E+11 1.003E-08
 1.226E-04
 5.105E+00 3.567E-02 3.995E-01 0.000E+00 5.058E-01 9.988E-01 1.289E+04 2.500E+11 1.003E-08
 1.192E-04
 5.155E+00 3.567E-02 3.985E-01 0.000E+00 5.061E-01 9.988E-01 1.292E+04 2.500E+11 1.003E-08
 1.155E-04
 5.205E+00 3.567E-02 3.975E-01 0.000E+00 5.063E-01 9.988E-01 1.295E+04 2.500E+11 1.003E-08
 1.115E-04
 5.255E+00 3.567E-02 3.965E-01 0.000E+00 5.066E-01 9.988E-01 1.298E+04 2.500E+11 1.003E-08
 1.074E-04
 5.305E+00 3.567E-02 3.955E-01 0.000E+00 5.068E-01 9.988E-01 1.301E+04 2.500E+11 1.003E-08
 1.032E-04
 5.355E+00 3.567E-02 3.945E-01 0.000E+00 5.071E-01 9.988E-01 1.303E+04 2.500E+11 1.003E-08
 9.883E-05
 5.405E+00 3.567E-02 3.935E-01 0.000E+00 5.073E-01 9.988E-01 1.306E+04 2.500E+11 1.003E-08
 9.440E-05
 5.455E+00 3.567E-02 3.925E-01 0.000E+00 5.076E-01 9.988E-01 1.309E+04 2.500E+11 1.003E-08
 8.993E-05
 5.505E+00 3.567E-02 3.915E-01 0.000E+00 5.078E-01 9.988E-01 1.312E+04 2.500E+11 1.003E-08
 8.545E-05
 5.555E+00 3.567E-02 3.905E-01 0.000E+00 5.080E-01 9.988E-01 1.315E+04 2.500E+11 1.003E-08
 8.098E-05
 5.605E+00 3.567E-02 3.895E-01 0.000E+00 5.083E-01 9.988E-01 1.317E+04 2.500E+11 1.003E-08
 7.655E-05
 5.655E+00 3.567E-02 3.885E-01 0.000E+00 5.085E-01 9.988E-01 1.320E+04 2.500E+11 1.003E-08
 7.219E-05
 5.705E+00 3.567E-02 3.875E-01 0.000E+00 5.087E-01 9.988E-01 1.323E+04 2.500E+11 1.003E-08
 6.791E-05
 5.755E+00 3.567E-02 3.865E-01 0.000E+00 5.089E-01 9.988E-01 1.326E+04 2.500E+11 1.003E-08
 6.373E-05
 5.805E+00 3.567E-02 3.855E-01 0.000E+00 5.092E-01 9.988E-01 1.328E+04 2.500E+11 1.003E-08
 5.967E-05
 5.855E+00 3.567E-02 3.845E-01 0.000E+00 5.094E-01 9.988E-01 1.331E+04 2.500E+11 1.003E-08
 5.574E-05
 5.905E+00 3.567E-02 3.835E-01 0.000E+00 5.096E-01 9.988E-01 1.334E+04 2.500E+11 1.003E-08
 5.195E-05
 5.955E+00 3.567E-02 3.825E-01 0.000E+00 5.098E-01 9.988E-01 1.337E+04 2.500E+11 1.003E-08
 4.831E-05
 6.005E+00 3.567E-02 3.815E-01 0.000E+00 5.100E-01 9.988E-01 1.339E+04 2.500E+11 1.003E-08
 4.483E-05
 6.055E+00 3.567E-02 3.805E-01 0.000E+00 5.102E-01 9.988E-01 1.342E+04 2.500E+11 1.003E-08
 4.152E-05
 6.105E+00 3.567E-02 3.795E-01 0.000E+00 5.104E-01 9.988E-01 1.345E+04 2.500E+11 1.003E-08
 3.836E-05
 6.155E+00 3.567E-02 3.785E-01 0.000E+00 5.106E-01 9.988E-01 1.347E+04 2.500E+11 1.003E-08
 3.538E-05
 6.205E+00 3.567E-02 3.774E-01 0.000E+00 5.108E-01 9.988E-01 1.350E+04 2.500E+11 1.003E-08
 3.256E-05
 6.255E+00 3.567E-02 3.764E-01 0.000E+00 5.110E-01 9.988E-01 1.352E+04 2.500E+11 1.003E-08
 2.990E-05
 6.305E+00 3.567E-02 3.754E-01 0.000E+00 5.112E-01 9.988E-01 1.355E+04 2.500E+11 1.003E-08
 2.741E-05
 6.355E+00 3.567E-02 3.744E-01 0.000E+00 5.114E-01 9.988E-01 1.358E+04 2.500E+11 1.003E-08
 2.508E-05
 6.405E+00 3.567E-02 3.734E-01 0.000E+00 5.116E-01 9.988E-01 1.360E+04 2.500E+11 1.003E-08
 2.290E-05
 6.455E+00 3.567E-02 3.724E-01 0.000E+00 5.117E-01 9.988E-01 1.363E+04 2.500E+11 1.003E-08
 2.088E-05
 6.505E+00 3.567E-02 3.714E-01 0.000E+00 5.119E-01 9.988E-01 1.365E+04 2.500E+11 1.003E-08
 1.900E-05
 6.555E+00 3.567E-02 3.704E-01 0.000E+00 5.121E-01 9.988E-01 1.368E+04 2.500E+11 1.003E-08
 1.726E-05
 6.605E+00 3.567E-02 3.694E-01 0.000E+00 5.122E-01 9.988E-01 1.370E+04 2.500E+11 1.003E-08
 1.565E-05
 6.655E+00 3.567E-02 3.684E-01 0.000E+00 5.124E-01 9.988E-01 1.373E+04 2.500E+11 1.003E-08
 1.417E-05
 6.705E+00 3.567E-02 3.674E-01 0.000E+00 5.126E-01 9.988E-01 1.375E+04 2.500E+11 1.028E-08
 1.280E-05
 6.755E+00 3.567E-02 3.663E-01 0.000E+00 5.127E-01 9.988E-01 1.378E+04 2.500E+11 1.153E-08
 1.153E-05
 6.805E+00 3.567E-02 3.653E-01 0.000E+00 5.129E-01 9.988E-01 1.380E+04 2.500E+11 1.278E-08
 1.038E-05
 6.855E+00 3.567E-02 3.643E-01 0.000E+00 5.130E-01 9.988E-01 1.383E+04 2.500E+11 1.403E-08
 9.334E-06
 6.905E+00 3.567E-02 3.633E-01 0.000E+00 5.132E-01 9.988E-01 1.385E+04 2.500E+11 1.504E-08
 8.400E-06
 6.955E+00 3.567E-02 3.623E-01 0.000E+00 5.133E-01 9.988E-01 1.388E+04 2.500E+11 1.503E-08
 7.562E-06
 7.005E+00 3.567E-02 3.613E-01 0.000E+00 5.134E-01 9.988E-01 1.390E+04 2.500E+11 1.501E-08
 6.790E-06
 7.055E+00 3.567E-02 3.603E-01 0.000E+00 5.136E-01 9.988E-01 1.393E+04 2.500E+11 1.502E-08
 6.060E-06
 7.105E+00 3.567E-02 3.593E-01 0.000E+00 5.137E-01 9.988E-01 1.395E+04 2.500E+11 1.506E-08
 5.355E-06
 7.155E+00 3.567E-02 3.583E-01 0.000E+00 5.138E-01 9.988E-01 1.398E+04 2.500E+11 1.513E-08
 4.688E-06
 7.205E+00 3.567E-02 3.573E-01 0.000E+00 5.139E-01 9.988E-01 1.400E+04 2.500E+11 1.518E-08
 4.116E-06
 7.255E+00 3.567E-02 3.563E-01 0.000E+00 5.141E-01 9.988E-01 1.402E+04 2.500E+11 1.515E-08
 3.681E-06
 7.305E+00 3.567E-02 3.553E-01 0.000E+00 5.142E-01 9.988E-01 1.405E+04 2.500E+11 1.499E-08
 3.409E-06
 7.355E+00 3.567E-02 3.543E-01 0.000E+00 5.143E-01 9.988E-01 1.407E+04 2.500E+11 1.474E-08
 3.246E-06
 7.405E+00 3.567E-02 3.533E-01 0.000E+00 5.144E-01 9.988E-01 1.409E+04 2.500E+11 1.457E-08
 3.017E-06
 7.455E+00 3.567E-02 3.523E-01 0.000E+00 5.145E-01 9.988E-01 1.412E+04 2.500E+11 1.470E-08
 2.577E-06
 7.505E+00 3.567E-02 3.513E-01 0.000E+00 5.146E-01 9.988E-01 1.414E+04 2.500E+11 1.534E-08
 1.883E-06
 7.555E+00 3.567E-02 3.503E-01 0.000E+00 5.147E-01 9.988E-01 1.416E+04 2.499E+11 1.641E-08
 1.204E-06
 7.605E+00 3.567E-02 3.493E-01 0.000E+00 5.148E-01 9.987E-01 1.419E+04 2.499E+11 1.709E-08
 8.586E-07
 7.655E+00 3.567E-02 3.483E-01 0.000E+00 5.149E-01 9.987E-01 1.421E+04 2.499E+11 1.630E-08
 9.453E-07
 7.705E+00 3.567E-02 3.473E-01 0.000E+00 5.150E-01 9.987E-01 1.423E+04 2.501E+11 1.367E-08
 1.944E-06
 7.755E+00 3.567E-02 3.463E-01 0.000E+00 5.151E-01 9.987E-01 1.426E+04 2.504E+11 1.044E-08
 5.601E-06
 7.805E+00 3.567E-02 3.453E-01 0.000E+00 5.151E-01 9.987E-01 1.428E+04 2.505E+11 7.851E-09
 1.512E-05
 7.855E+00 3.567E-02 3.443E-01 0.000E+00 5.152E-01 9.987E-01 1.430E+04 2.503E+11 6.063E-09
 3.320E-05
 7.905E+00 3.567E-02 3.433E-01 0.000E+00 5.153E-01 9.987E-01 1.432E+04 2.495E+11 4.894E-09
 5.877E-05
 7.955E+00 3.567E-02 3.422E-01 0.000E+00 5.153E-01 9.988E-01 1.435E+04 2.485E+11 4.113E-09
 8.910E-05
 8.005E+00 3.567E-02 3.412E-01 0.000E+00 5.153E-01 9.988E-01 1.437E+04 2.482E+11 3.559E-09
 1.234E-04
 8.055E+00 3.567E-02 3.402E-01 0.000E+00 5.153E-01 9.987E-01 1.439E+04 2.494E+11 3.152E-09
 1.624E-04
 8.105E+00 3.567E-02 3.393E-01 0.000E+00 5.155E-01 9.987E-01 1.441E+04 2.526E+11 2.844E-09
 2.081E-04
 8.155E+00 3.567E-02 3.384E-01 0.000E+00 5.157E-01 9.987E-01 1.444E+04 2.560E+11 2.582E-09
 2.611E-04
 8.205E+00 3.567E-02 3.375E-01 0.000E+00 5.159E-01 9.987E-01 1.446E+04 2.564E+11 2.323E-09
 3.201E-04
 8.255E+00 3.567E-02 3.366E-01 0.000E+00 5.161E-01 9.987E-01 1.448E+04 2.506E+11 2.040E-09
 3.810E-04
 8.305E+00 3.567E-02 3.352E-01 0.000E+00 5.157E-01 9.988E-01 1.450E+04 2.375E+11 1.736E-09
 4.366E-04
 8.355E+00 3.567E-02 3.337E-01 0.000E+00 5.150E-01 9.989E-01 1.452E+04 2.261E+11 1.499E-09
 4.902E-04
 8.405E+00 3.567E-02 3.323E-01 0.000E+00 5.143E-01 9.989E-01 1.455E+04 2.284E+11 1.400E-09
 5.601E-04
 8.455E+00 3.567E-02 3.312E-01 0.000E+00 5.140E-01 9.987E-01 1.457E+04 2.568E+11 1.494E-09
 6.748E-04
 8.505E+00 3.567E-02 3.307E-01 0.000E+00 5.142E-01 9.984E-01 1.459E+04 3.205E+11 1.822E-09
 8.525E-04
 8.555E+00 3.567E-02 3.304E-01 0.000E+00 5.143E-01 9.979E-01 1.461E+04 4.209E+11 2.386E-09
 1.090E-03
 8.606E+00 3.567E-02 3.301E-01 0.000E+00 5.143E-01 9.972E-01 1.463E+04 5.584E+11 3.186E-09
 1.381E-03
 8.656E+00 3.567E-02 3.298E-01 0.000E+00 5.139E-01 9.963E-01 1.465E+04 7.335E+11 4.207E-09
 1.737E-03
 8.706E+00 3.567E-02 3.297E-01 0.000E+00 5.134E-01 9.952E-01 1.468E+04 9.544E+11 5.464E-09
 2.191E-03
 8.756E+00 3.567E-02 3.299E-01 0.000E+00 5.127E-01 9.937E-01 1.470E+04 1.239E+12 7.048E-09
 2.783E-03
 8.806E+00 3.567E-02 3.304E-01 0.000E+00 5.119E-01 9.918E-01 1.472E+04 1.607E+12 9.071E-09
 3.537E-03
 8.857E+00 3.567E-02 3.314E-01 0.000E+00 5.108E-01 9.894E-01 1.474E+04 2.078E+12 1.166E-08
 4.462E-03
 8.907E+00 3.567E-02 3.329E-01 0.000E+00 5.093E-01 9.863E-01 1.476E+04 2.680E+12 1.501E-08
 5.580E-03
 8.958E+00 3.567E-02 3.351E-01 0.000E+00 5.075E-01 9.823E-01 1.478E+04 3.448E+12 1.931E-08
 6.923E-03
 9.008E+00 3.567E-02 3.383E-01 0.000E+00 5.051E-01 9.772E-01 1.480E+04 4.415E+12 2.477E-08
 8.512E-03
 9.058E+00 3.567E-02 3.425E-01 0.000E+00 5.021E-01 9.708E-01 1.483E+04 5.614E+12 3.161E-08
 1.035E-02
 9.109E+00 3.567E-02 3.480E-01 0.000E+00 4.983E-01 9.629E-01 1.485E+04 7.069E+12 4.004E-08
 1.242E-02
 9.159E+00 3.567E-02 3.549E-01 0.000E+00 4.936E-01 9.534E-01 1.487E+04 8.803E+12 5.028E-08
 1.463E-02
 9.210E+00 3.567E-02 3.634E-01 0.000E+00 4.878E-01 9.419E-01 1.489E+04 1.083E+13 6.261E-08
 1.691E-02
 9.260E+00 3.567E-02 3.737E-01 0.000E+00 4.808E-01 9.284E-01 1.492E+04 1.315E+13 7.720E-08
 1.911E-02
 9.310E+00 3.567E-02 3.855E-01 0.000E+00 4.726E-01 9.130E-01 1.494E+04 1.569E+13 9.391E-08
 2.103E-02
 9.360E+00 3.567E-02 3.987E-01 0.000E+00 4.632E-01 8.962E-01 1.496E+04 1.839E+13 1.126E-07
 2.252E-02
 9.410E+00 3.567E-02 4.131E-01 0.000E+00 4.527E-01 8.780E-01 1.499E+04 2.118E+13 1.331E-07
 2.347E-02
 9.460E+00 3.567E-02 4.283E-01 0.000E+00 4.413E-01 8.589E-01 1.501E+04 2.399E+13 1.550E-07
 2.385E-02
 9.510E+00 3.567E-02 4.437E-01 0.000E+00 4.293E-01 8.396E-01 1.504E+04 2.670E+13 1.776E-07
 2.365E-02
 9.559E+00 3.567E-02 4.588E-01 0.000E+00 4.171E-01 8.208E-01 1.507E+04 2.923E+13 2.003E-07
 2.297E-02
 9.609E+00 3.567E-02 4.728E-01 0.000E+00 4.052E-01 8.031E-01 1.509E+04 3.150E+13 2.220E-07
 2.193E-02
 9.659E+00 3.567E-02 4.854E-01 0.000E+00 3.941E-01 7.872E-01 1.512E+04 3.347E+13 2.422E-07
 2.070E-02
 9.708E+00 3.567E-02 4.969E-01 0.000E+00 3.835E-01 7.725E-01 1.515E+04 3.522E+13 2.612E-07
 1.936E-02
 9.758E+00 3.567E-02 5.076E-01 0.000E+00 3.734E-01 7.587E-01 1.518E+04 3.680E+13 2.795E-07
 1.798E-02
 9.808E+00 3.567E-02 5.179E-01 0.000E+00 3.633E-01 7.453E-01 1.521E+04 3.829E+13 2.977E-07
 1.657E-02
 9.861E+00 3.567E-02 5.288E-01 0.000E+00 3.524E-01 7.312E-01 1.524E+04 3.981E+13 3.174E-07
 1.506E-02
 9.910E+00 3.567E-02 5.389E-01 0.000E+00 3.420E-01 7.181E-01 1.527E+04 4.119E+13 3.361E-07
 1.366E-02
 9.960E+00 3.567E-02 5.488E-01 0.000E+00 3.314E-01 7.051E-01 1.530E+04 4.250E+13 3.553E-07
 1.227E-02
 1.001E+01 3.567E-02 5.583E-01 0.000E+00 3.209E-01 6.925E-01 1.533E+04 4.374E+13 3.742E-07
 1.096E-02
 1.006E+01 3.567E-02 5.670E-01 0.000E+00 3.110E-01 6.809E-01 1.536E+04 4.484E+13 3.922E-07
 9.770E-03
 1.011E+01 3.567E-02 5.755E-01 0.000E+00 3.011E-01 6.696E-01 1.540E+04 4.590E+13 4.102E-07
 8.638E-03
 1.016E+01 3.567E-02 5.831E-01 0.000E+00 2.919E-01 6.592E-01 1.543E+04 4.683E+13 4.271E-07
 7.632E-03
 1.021E+01 3.567E-02 5.897E-01 0.000E+00 2.835E-01 6.500E-01 1.546E+04 4.763E+13 4.424E-07
 6.758E-03
 1.026E+01 3.567E-02 5.952E-01 0.000E+00 2.763E-01 6.420E-01 1.550E+04 4.830E+13 4.558E-07
 6.020E-03
 1.031E+01 3.567E-02 5.996E-01 0.000E+00 2.704E-01 6.355E-01 1.553E+04 4.883E+13 4.669E-07
 5.416E-03
 1.036E+01 3.567E-02 6.026E-01 0.000E+00 2.660E-01 6.306E-01 1.557E+04 4.920E+13 4.754E-07
 4.935E-03
 1.041E+01 3.567E-02 6.044E-01 0.000E+00 2.632E-01 6.272E-01 1.560E+04 4.943E+13 4.811E-07
 4.568E-03
 1.046E+01 3.567E-02 6.053E-01 0.000E+00 2.615E-01 6.250E-01 1.563E+04 4.957E+13 4.848E-07
 4.276E-03
 1.051E+01 3.567E-02 6.055E-01 0.000E+00 2.607E-01 6.235E-01 1.567E+04 4.962E+13 4.871E-07
 4.037E-03
 1.056E+01 3.567E-02 6.053E-01 0.000E+00 2.604E-01 6.226E-01 1.570E+04 4.963E+13 4.884E-07
 3.830E-03
 1.061E+01 3.567E-02 6.050E-01 0.000E+00 2.602E-01 6.217E-01 1.574E+04 4.964E+13 4.896E-07
 3.637E-03
 1.066E+01 3.567E-02 6.049E-01 0.000E+00 2.598E-01 6.207E-01 1.577E+04 4.965E+13 4.910E-07
 3.445E-03
 1.071E+01 3.567E-02 6.049E-01 0.000E+00 2.593E-01 6.195E-01 1.581E+04 4.969E+13 4.929E-07
 3.254E-03
 1.076E+01 3.567E-02 6.050E-01 0.000E+00 2.586E-01 6.182E-01 1.584E+04 4.973E+13 4.950E-07
 3.068E-03
 1.081E+01 3.567E-02 6.052E-01 0.000E+00 2.578E-01 6.167E-01 1.588E+04 4.979E+13 4.972E-07
 2.889E-03
 1.086E+01 3.567E-02 6.054E-01 0.000E+00 2.570E-01 6.153E-01 1.591E+04 4.984E+13 4.994E-07
 2.720E-03
 1.091E+01 3.567E-02 6.055E-01 0.000E+00 2.564E-01 6.140E-01 1.595E+04 4.988E+13 5.015E-07
 2.562E-03
 1.096E+01 3.567E-02 6.055E-01 0.000E+00 2.558E-01 6.128E-01 1.598E+04 4.991E+13 5.033E-07
 2.415E-03
 1.101E+01 3.567E-02 6.053E-01 0.000E+00 2.554E-01 6.117E-01 1.602E+04 4.993E+13 5.050E-07
 2.278E-03
 1.106E+01 3.567E-02 6.052E-01 0.000E+00 2.551E-01 6.107E-01 1.605E+04 4.994E+13 5.064E-07
 2.150E-03
 1.111E+01 3.567E-02 6.050E-01 0.000E+00 2.548E-01 6.098E-01 1.609E+04 4.994E+13 5.078E-07
 2.030E-03
 1.116E+01 3.567E-02 6.047E-01 0.000E+00 2.545E-01 6.088E-01 1.612E+04 4.995E+13 5.092E-07
 1.914E-03
 1.121E+01 3.567E-02 6.045E-01 0.000E+00 2.543E-01 6.079E-01 1.616E+04 4.995E+13 5.105E-07
 1.806E-03
 1.126E+01 3.567E-02 6.042E-01 0.000E+00 2.540E-01 6.070E-01 1.619E+04 4.996E+13 5.119E-07
 1.702E-03
 1.131E+01 3.567E-02 6.040E-01 0.000E+00 2.537E-01 6.060E-01 1.623E+04 4.997E+13 5.133E-07
 1.602E-03
 1.136E+01 3.567E-02 6.038E-01 0.000E+00 2.534E-01 6.050E-01 1.626E+04 4.997E+13 5.147E-07
 1.508E-03
 1.141E+01 3.567E-02 6.036E-01 0.000E+00 2.531E-01 6.041E-01 1.629E+04 4.998E+13 5.161E-07
 1.420E-03
 1.146E+01 3.567E-02 6.033E-01 0.000E+00 2.528E-01 6.031E-01 1.633E+04 4.998E+13 5.175E-07
 1.336E-03
 1.151E+01 3.567E-02 6.031E-01 0.000E+00 2.525E-01 6.022E-01 1.636E+04 4.999E+13 5.189E-07
 1.257E-03
 1.156E+01 3.567E-02 6.028E-01 0.000E+00 2.522E-01 6.013E-01 1.640E+04 4.999E+13 5.203E-07
 1.182E-03
 1.161E+01 3.567E-02 6.026E-01 0.000E+00 2.519E-01 6.003E-01 1.643E+04 4.999E+13 5.216E-07
 1.111E-03
 1.166E+01 3.567E-02 6.023E-01 0.000E+00 2.516E-01 5.994E-01 1.647E+04 4.999E+13 5.230E-07
 1.044E-03
 1.171E+01 3.567E-02 6.020E-01 0.000E+00 2.514E-01 5.985E-01 1.650E+04 4.999E+13 5.243E-07
 9.806E-04
 1.176E+01 3.567E-02 6.018E-01 0.000E+00 2.511E-01 5.975E-01 1.653E+04 4.999E+13 5.257E-07
 9.206E-04
 1.181E+01 3.567E-02 6.015E-01 0.000E+00 2.508E-01 5.966E-01 1.657E+04 5.000E+13 5.271E-07
 8.639E-04
 1.187E+01 3.567E-02 6.011E-01 0.000E+00 2.504E-01 5.954E-01 1.661E+04 5.000E+13 5.289E-07
 7.937E-04
 1.192E+01 3.567E-02 6.009E-01 0.000E+00 2.501E-01 5.945E-01 1.664E+04 5.000E+13 5.301E-07
 7.500E-04
 1.197E+01 3.567E-02 6.006E-01 0.000E+00 2.498E-01 5.935E-01 1.668E+04 5.000E+13 5.316E-07
 7.005E-04
 1.202E+01 3.567E-02 6.004E-01 0.000E+00 2.495E-01 5.926E-01 1.671E+04 5.000E+13 5.330E-07
 6.693E-04
 1.207E+01 3.567E-02 6.001E-01 0.000E+00 2.492E-01 5.917E-01 1.674E+04 5.000E+13 5.345E-07
 7.560E-04
 1.212E+01 3.567E-02 5.999E-01 0.000E+00 2.488E-01 5.907E-01 1.678E+04 5.000E+13 5.359E-07
 1.073E-03
 1.217E+01 3.567E-02 5.996E-01 0.000E+00 2.485E-01 5.897E-01 1.681E+04 5.000E+13 5.373E-07
 1.724E-03
 1.222E+01 3.567E-02 5.993E-01 0.000E+00 2.482E-01 5.888E-01 1.684E+04 5.000E+13 5.388E-07
 2.804E-03
 1.227E+01 3.567E-02 5.991E-01 0.000E+00 2.478E-01 5.878E-01 1.688E+04 5.000E+13 5.402E-07
 2.882E-03
 1.232E+01 3.567E-02 5.988E-01 0.000E+00 2.475E-01 5.869E-01 1.691E+04 5.000E+13 5.417E-07
 4.237E-03
 1.237E+01 3.567E-02 5.986E-01 0.000E+00 2.471E-01 5.859E-01 1.694E+04 5.000E+13 5.432E-07
 6.145E-03
 1.242E+01 3.567E-02 5.983E-01 0.000E+00 2.468E-01 5.849E-01 1.698E+04 5.000E+13 5.447E-07
 8.665E-03
 1.247E+01 3.567E-02 5.981E-01 0.000E+00 2.464E-01 5.839E-01 1.701E+04 5.000E+13 5.462E-07
 1.190E-02
 1.252E+01 3.567E-02 5.978E-01 0.000E+00 2.460E-01 5.829E-01 1.704E+04 5.000E+13 5.477E-07
 1.594E-02
 1.257E+01 3.567E-02 5.976E-01 0.000E+00 2.457E-01 5.819E-01 1.708E+04 5.000E+13 5.492E-07
 2.091E-02
 1.262E+01 3.567E-02 5.973E-01 0.000E+00 2.453E-01 5.809E-01 1.711E+04 5.000E+13 5.508E-07
 2.691E-02
 1.267E+01 3.567E-02 5.971E-01 0.000E+00 2.449E-01 5.800E-01 1.714E+04 5.000E+13 5.523E-07
 3.407E-02
 1.272E+01 3.567E-02 5.969E-01 0.000E+00 2.445E-01 5.789E-01 1.718E+04 5.000E+13 5.539E-07
 4.250E-02
 1.277E+01 3.567E-02 5.966E-01 0.000E+00 2.441E-01 5.779E-01 1.721E+04 5.000E+13 5.555E-07
 5.231E-02
 1.282E+01 3.567E-02 5.964E-01 0.000E+00 2.437E-01 5.769E-01 1.724E+04 5.000E+13 5.570E-07
 6.364E-02
 1.287E+01 3.567E-02 5.962E-01 0.000E+00 2.433E-01 5.759E-01 1.727E+04 5.000E+13 5.586E-07
 7.660E-02
 1.292E+01 3.567E-02 5.959E-01 0.000E+00 2.428E-01 5.749E-01 1.731E+04 5.000E+13 5.603E-07
 9.131E-02
 1.297E+01 3.567E-02 5.957E-01 0.000E+00 2.424E-01 5.739E-01 1.734E+04 5.000E+13 5.619E-07
 1.079E-01
 1.302E+01 3.567E-02 5.955E-01 0.000E+00 2.420E-01 5.728E-01 1.737E+04 5.000E+13 5.635E-07
 1.268E-01
 1.307E+01 3.567E-02 5.952E-01 0.000E+00 2.415E-01 5.718E-01 1.740E+04 5.000E+13 5.652E-07
 1.475E-01
 1.312E+01 3.567E-02 5.950E-01 0.000E+00 2.411E-01 5.708E-01 1.743E+04 5.000E+13 5.668E-07
 1.704E-01
 1.317E+01 3.567E-02 5.948E-01 0.000E+00 2.406E-01 5.697E-01 1.747E+04 5.000E+13 5.685E-07
 1.956E-01
 1.322E+01 3.567E-02 5.946E-01 0.000E+00 2.402E-01 5.687E-01 1.750E+04 5.000E+13 5.702E-07
 2.232E-01
 1.327E+01 3.567E-02 5.944E-01 0.000E+00 2.397E-01 5.676E-01 1.753E+04 5.000E+13 5.719E-07
 2.533E-01
 1.331E+01 3.567E-02 5.942E-01 0.000E+00 2.392E-01 5.666E-01 1.756E+04 5.000E+13 5.736E-07
 2.859E-01
 1.336E+01 3.567E-02 5.940E-01 0.000E+00 2.387E-01 5.655E-01 1.759E+04 5.000E+13 5.753E-07
 3.211E-01
 1.341E+01 3.567E-02 5.938E-01 0.000E+00 2.382E-01 5.645E-01 1.763E+04 5.000E+13 5.770E-07
 3.589E-01
 1.346E+01 3.567E-02 5.936E-01 0.000E+00 2.378E-01 5.634E-01 1.766E+04 5.000E+13 5.788E-07
 3.995E-01
 1.351E+01 3.567E-02 5.934E-01 0.000E+00 2.373E-01 5.623E-01 1.769E+04 5.000E+13 5.805E-07
 4.429E-01
 1.356E+01 3.567E-02 5.932E-01 0.000E+00 2.368E-01 5.613E-01 1.772E+04 5.000E+13 5.823E-07
 4.891E-01
 1.361E+01 3.567E-02 5.930E-01 0.000E+00 2.362E-01 5.602E-01 1.775E+04 5.000E+13 5.841E-07
 5.380E-01
 1.366E+01 3.567E-02 5.928E-01 0.000E+00 2.357E-01 5.591E-01 1.778E+04 5.000E+13 5.859E-07
 5.899E-01
 1.371E+01 3.567E-02 5.926E-01 0.000E+00 2.352E-01 5.581E-01 1.781E+04 5.000E+13 5.877E-07
 6.446E-01
 1.377E+01 3.567E-02 5.924E-01 0.000E+00 2.346E-01 5.568E-01 1.785E+04 5.000E+13 5.898E-07
 7.128E-01
 1.382E+01 3.567E-02 5.922E-01 0.000E+00 2.340E-01 5.557E-01 1.788E+04 5.000E+13 5.917E-07
 7.745E-01
 1.387E+01 3.567E-02 5.921E-01 0.000E+00 2.335E-01 5.546E-01 1.791E+04 5.000E+13 5.936E-07
 8.398E-01
 1.392E+01 3.567E-02 5.919E-01 0.000E+00 2.329E-01 5.534E-01 1.794E+04 5.000E+13 5.955E-07
 9.080E-01
 1.397E+01 3.567E-02 5.917E-01 0.000E+00 2.323E-01 5.523E-01 1.797E+04 5.000E+13 5.974E-07
 9.790E-01
 1.402E+01 3.567E-02 5.916E-01 0.000E+00 2.318E-01 5.512E-01 1.800E+04 5.000E+13 5.993E-07
 1.053E+00
 1.407E+01 3.567E-02 5.914E-01 0.000E+00 2.312E-01 5.500E-01 1.804E+04 5.000E+13 6.013E-07
 1.130E+00
 1.412E+01 3.567E-02 5.913E-01 0.000E+00 2.306E-01 5.489E-01 1.807E+04 5.000E+13 6.033E-07
 1.209E+00
 1.417E+01 3.567E-02 5.911E-01 0.000E+00 2.300E-01 5.478E-01 1.810E+04 5.000E+13 6.053E-07
 1.291E+00
 1.422E+01 3.567E-02 5.910E-01 0.000E+00 2.294E-01 5.466E-01 1.813E+04 5.000E+13 6.073E-07
 1.376E+00
 1.427E+01 3.567E-02 5.908E-01 0.000E+00 2.288E-01 5.454E-01 1.816E+04 5.000E+13 6.093E-07
 1.463E+00
 1.432E+01 3.567E-02 5.907E-01 0.000E+00 2.282E-01 5.443E-01 1.819E+04 5.000E+13 6.113E-07
 1.552E+00
 1.437E+01 3.567E-02 5.905E-01 0.000E+00 2.275E-01 5.431E-01 1.822E+04 5.000E+13 6.134E-07
 1.643E+00
 1.442E+01 3.567E-02 5.904E-01 0.000E+00 2.269E-01 5.419E-01 1.825E+04 5.000E+13 6.154E-07
 1.737E+00
 1.447E+01 3.567E-02 5.903E-01 0.000E+00 2.263E-01 5.408E-01 1.828E+04 5.000E+13 6.175E-07
 1.832E+00
 1.452E+01 3.567E-02 5.902E-01 0.000E+00 2.256E-01 5.396E-01 1.831E+04 5.000E+13 6.196E-07
 1.929E+00
 1.457E+01 3.567E-02 5.900E-01 0.000E+00 2.250E-01 5.384E-01 1.834E+04 5.000E+13 6.218E-07
 2.028E+00
 1.462E+01 3.567E-02 5.899E-01 0.000E+00 2.243E-01 5.372E-01 1.837E+04 5.000E+13 6.239E-07
 2.128E+00
 1.467E+01 3.567E-02 5.898E-01 0.000E+00 2.236E-01 5.360E-01 1.840E+04 5.000E+13 6.261E-07
 2.229E+00
 1.472E+01 3.567E-02 5.897E-01 0.000E+00 2.230E-01 5.348E-01 1.843E+04 5.000E+13 6.282E-07
 2.331E+00
 1.477E+01 3.567E-02 5.896E-01 0.000E+00 2.223E-01 5.336E-01 1.846E+04 5.000E+13 6.304E-07
 2.434E+00
 1.482E+01 3.567E-02 5.895E-01 0.000E+00 2.216E-01 5.324E-01 1.849E+04 5.000E+13 6.327E-07
 2.538E+00
 1.487E+01 3.567E-02 5.894E-01 0.000E+00 2.209E-01 5.312E-01 1.852E+04 5.000E+13 6.349E-07
 2.642E+00
 1.492E+01 3.567E-02 5.893E-01 0.000E+00 2.202E-01 5.299E-01 1.855E+04 5.000E+13 6.371E-07
 2.747E+00
 1.496E+01 3.567E-02 5.892E-01 0.000E+00 2.195E-01 5.287E-01 1.858E+04 5.000E+13 6.394E-07
 2.849E+00
 1.501E+01 3.567E-02 5.892E-01 0.000E+00 2.188E-01 5.275E-01 1.861E+04 5.000E+13 6.417E-07
 2.953E+00
 1.506E+01 3.567E-02 5.891E-01 0.000E+00 2.181E-01 5.263E-01 1.864E+04 5.000E+13 6.440E-07
 3.058E+00
 1.511E+01 3.567E-02 5.890E-01 0.000E+00 2.174E-01 5.250E-01 1.867E+04 5.000E+13 6.463E-07
 3.161E+00
 1.516E+01 3.567E-02 5.889E-01 0.000E+00 2.166E-01 5.238E-01 1.870E+04 5.000E+13 6.486E-07
 3.265E+00
 1.521E+01 3.567E-02 5.889E-01 0.000E+00 2.159E-01 5.225E-01 1.873E+04 5.000E+13 6.510E-07
 3.367E+00
 1.526E+01 3.567E-02 5.888E-01 0.000E+00 2.152E-01 5.213E-01 1.876E+04 5.000E+13 6.534E-07
 3.468E+00
 1.531E+01 3.567E-02 5.888E-01 0.000E+00 2.144E-01 5.200E-01 1.878E+04 5.000E+13 6.558E-07
 3.568E+00
 1.536E+01 3.567E-02 5.887E-01 0.000E+00 2.137E-01 5.188E-01 1.881E+04 5.000E+13 6.582E-07
 3.667E+00
 1.541E+01 3.567E-02 5.887E-01 0.000E+00 2.129E-01 5.175E-01 1.884E+04 4.999E+13 6.606E-07
 3.764E+00
 1.546E+01 3.567E-02 5.886E-01 0.000E+00 2.122E-01 5.163E-01 1.887E+04 4.999E+13 6.630E-07
 3.859E+00
 1.551E+01 3.567E-02 5.886E-01 0.000E+00 2.114E-01 5.150E-01 1.890E+04 4.999E+13 6.655E-07
 3.953E+00
 1.556E+01 3.567E-02 5.885E-01 0.000E+00 2.106E-01 5.137E-01 1.893E+04 4.999E+13 6.680E-07
 4.044E+00
 1.561E+01 3.567E-02 5.885E-01 0.000E+00 2.099E-01 5.125E-01 1.896E+04 4.999E+13 6.704E-07
 4.133E+00
 1.566E+01 3.567E-02 5.884E-01 0.000E+00 2.091E-01 5.112E-01 1.899E+04 4.998E+13 6.728E-07
 4.220E+00
 1.571E+01 3.567E-02 5.883E-01 0.000E+00 2.084E-01 5.100E-01 1.901E+04 4.998E+13 6.752E-07
 4.305E+00
 1.576E+01 3.567E-02 5.882E-01 0.000E+00 2.077E-01 5.088E-01 1.904E+04 4.997E+13 6.775E-07
 4.387E+00
 1.581E+01 3.567E-02 5.881E-01 0.000E+00 2.070E-01 5.077E-01 1.907E+04 4.996E+13 6.798E-07
 4.467E+00
 1.586E+01 3.567E-02 5.881E-01 0.000E+00 2.062E-01 5.065E-01 1.910E+04 4.996E+13 6.821E-07
 4.543E+00
 1.591E+01 3.567E-02 5.880E-01 0.000E+00 2.055E-01 5.053E-01 1.913E+04 4.995E+13 6.845E-07
 4.617E+00
 1.596E+01 3.567E-02 5.879E-01 0.000E+00 2.047E-01 5.040E-01 1.916E+04 4.994E+13 6.869E-07
 4.687E+00
 1.601E+01 3.567E-02 5.878E-01 0.000E+00 2.040E-01 5.029E-01 1.918E+04 4.993E+13 6.891E-07
 4.755E+00
 1.606E+01 3.567E-02 5.875E-01 0.000E+00 2.035E-01 5.020E-01 1.921E+04 4.990E+13 6.908E-07
 4.822E+00
 1.611E+01 3.567E-02 5.870E-01 0.000E+00 2.031E-01 5.014E-01 1.924E+04 4.986E+13 6.917E-07
 4.888E+00
 1.616E+01 3.567E-02 5.862E-01 0.000E+00 2.030E-01 5.011E-01 1.927E+04 4.980E+13 6.918E-07
 4.954E+00
 1.621E+01 3.567E-02 5.854E-01 0.000E+00 2.029E-01 5.010E-01 1.929E+04 4.973E+13 6.916E-07
 5.016E+00
 1.626E+01 3.567E-02 5.847E-01 0.000E+00 2.027E-01 5.007E-01 1.932E+04 4.967E+13 6.918E-07
 5.074E+00
 1.631E+01 3.567E-02 5.843E-01 0.000E+00 2.022E-01 4.999E-01 1.935E+04 4.964E+13 6.932E-07
 5.124E+00
 1.636E+01 3.567E-02 5.844E-01 0.000E+00 2.014E-01 4.986E-01 1.937E+04 4.963E+13 6.957E-07
 5.166E+00
 1.641E+01 3.567E-02 5.839E-01 0.000E+00 2.009E-01 4.980E-01 1.940E+04 4.959E+13 6.968E-07
 5.211E+00
 1.646E+01 3.567E-02 5.820E-01 0.000E+00 2.018E-01 4.994E-01 1.943E+04 4.944E+13 6.927E-07
 5.269E+00
 1.651E+01 3.567E-02 5.774E-01 0.000E+00 2.049E-01 5.043E-01 1.946E+04 4.907E+13 6.799E-07
 5.349E+00
 1.656E+01 3.567E-02 5.691E-01 0.000E+00 2.107E-01 5.142E-01 1.948E+04 4.843E+13 6.557E-07
 5.449E+00
 1.661E+01 3.567E-02 5.568E-01 0.000E+00 2.194E-01 5.292E-01 1.951E+04 4.746E+13 6.205E-07
 5.549E+00


