 0.000E+00 0.000E+00  Infinity 1.100E+01 0.000E+00-5.000E+00-7.133E-01 6.992E-01 1.000E+12 0.000E+00
 5.501E-02 0.000E+00  Infinity 1.095E+01 5.487E-19-5.025E+00-7.127E-01 6.999E-01 1.000E+12 0.000E+00
 1.050E-01 0.000E+00  Infinity 1.091E+01 1.052E-18-5.048E+00-7.121E-01 7.005E-01 1.000E+12 0.000E+00
 1.550E-01 0.000E+00  Infinity 1.086E+01 1.559E-18-5.071E+00-7.115E-01 7.011E-01 1.000E+12 0.000E+00
 2.050E-01 0.000E+00  Infinity 1.082E+01 2.070E-18-5.093E+00-7.109E-01 7.017E-01 1.000E+12 0.000E+00
 2.550E-01 0.000E+00  Infinity 1.077E+01 2.585E-18-5.116E+00-7.103E-01 7.023E-01 1.000E+12 0.000E+00
 3.050E-01 0.000E+00  Infinity 1.073E+01 3.105E-18-5.139E+00-7.096E-01 7.029E-01 1.000E+12 0.000E+00
 3.550E-01 0.000E+00  Infinity 1.068E+01 3.629E-18-5.162E+00-7.090E-01 7.036E-01 1.000E+12 0.000E+00
 4.050E-01 0.000E+00  Infinity 1.064E+01 4.158E-18-5.184E+00-7.083E-01 7.042E-01 1.000E+12 0.000E+00
 4.550E-01 0.000E+00  Infinity 1.059E+01 4.691E-18-5.207E+00-7.077E-01 7.049E-01 1.000E+12 0.000E+00
 5.050E-01 0.000E+00  Infinity 1.055E+01 5.228E-18-5.230E+00-7.070E-01 7.056E-01 1.000E+12 0.000E+00
 5.550E-01 0.000E+00  Infinity 1.051E+01 5.770E-18-5.253E+00-7.064E-01 7.062E-01 1.000E+12 0.000E+00
 6.050E-01 0.000E+00  Infinity 1.046E+01 6.316E-18-5.275E+00-7.057E-01 7.069E-01 1.000E+12 0.000E+00
 6.550E-01 0.000E+00  Infinity 1.042E+01 6.868E-18-5.298E+00-7.050E-01 7.076E-01 1.000E+12 0.000E+00
 7.050E-01 0.000E+00  Infinity 1.037E+01 7.424E-18-5.321E+00-7.043E-01 7.083E-01 1.000E+12 0.000E+00
 7.550E-01 0.000E+00  Infinity 1.033E+01 7.984E-18-5.344E+00-7.036E-01 7.090E-01 1.000E+12 0.000E+00
 8.050E-01 0.000E+00  Infinity 1.028E+01 8.550E-18-5.366E+00-7.029E-01 7.097E-01 1.000E+12 0.000E+00
 8.550E-01 0.000E+00  Infinity 1.024E+01 9.121E-18-5.389E+00-7.021E-01 7.104E-01 1.000E+12 0.000E+00
 9.050E-01 0.000E+00  Infinity 1.019E+01 9.696E-18-5.412E+00-7.014E-01 7.111E-01 1.000E+12 0.000E+00
 9.550E-01 0.000E+00  Infinity 1.015E+01 1.028E-17-5.435E+00-7.007E-01 7.119E-01 1.000E+12 0.000E+00
 1.005E+00 0.000E+00  Infinity 1.011E+01 1.086E-17-5.457E+00-6.999E-01 7.126E-01 1.000E+12 0.000E+00
 1.055E+00 0.000E+00  Infinity 1.006E+01 1.145E-17-5.480E+00-6.992E-01 7.133E-01 1.000E+12 0.000E+00
 1.105E+00 0.000E+00  Infinity 1.002E+01 1.205E-17-5.503E+00-6.984E-01 7.141E-01 1.000E+12 0.000E+00
 1.155E+00 0.000E+00  Infinity 9.972E+00 1.265E-17-5.526E+00-6.976E-01 7.148E-01 1.000E+12 0.000E+00
 1.205E+00 0.000E+00  Infinity 9.927E+00 1.326E-17-5.549E+00-6.968E-01 7.156E-01 1.000E+12 0.000E+00
 1.255E+00 0.000E+00  Infinity 9.883E+00 1.387E-17-5.571E+00-6.961E-01 7.164E-01 1.000E+12 0.000E+00
 1.305E+00 0.000E+00  Infinity 9.838E+00 1.449E-17-5.594E+00-6.953E-01 7.171E-01 1.000E+12 0.000E+00
 1.355E+00 0.000E+00  Infinity 9.794E+00 1.511E-17-5.617E+00-6.945E-01 7.179E-01 1.000E+12 0.000E+00
 1.405E+00 0.000E+00  Infinity 9.749E+00 1.574E-17-5.640E+00-6.936E-01 7.187E-01 1.000E+12 0.000E+00
 1.455E+00 0.000E+00  Infinity 9.704E+00 1.638E-17-5.662E+00-6.928E-01 7.195E-01 1.000E+12 0.000E+00
 1.505E+00 0.000E+00  Infinity 9.660E+00 1.702E-17-5.685E+00-6.920E-01 7.203E-01 1.000E+12 0.000E+00
 1.555E+00 0.000E+00  Infinity 9.615E+00 1.766E-17-5.708E+00-6.912E-01 7.211E-01 1.000E+12 0.000E+00
 1.605E+00 0.000E+00  Infinity 9.571E+00 1.832E-17-5.731E+00-6.903E-01 7.219E-01 1.000E+12 0.000E+00
 1.655E+00 0.000E+00  Infinity 9.526E+00 1.897E-17-5.753E+00-6.895E-01 7.227E-01 1.000E+12 0.000E+00
 1.705E+00 0.000E+00  Infinity 9.482E+00 1.964E-17-5.776E+00-6.886E-01 7.235E-01 1.000E+12 0.000E+00
 1.755E+00 0.000E+00  Infinity 9.437E+00 2.031E-17-5.799E+00-6.878E-01 7.243E-01 1.000E+12 0.000E+00
 1.805E+00 0.000E+00  Infinity 9.393E+00 2.099E-17-5.822E+00-6.869E-01 7.251E-01 1.000E+12 0.000E+00
 1.855E+00 0.000E+00  Infinity 9.348E+00 2.167E-17-5.844E+00-6.860E-01 7.260E-01 1.000E+12 0.000E+00
 1.905E+00 0.000E+00  Infinity 9.304E+00 2.236E-17-5.867E+00-6.851E-01 7.268E-01 1.000E+12 0.000E+00
 1.955E+00 0.000E+00  Infinity 9.259E+00 2.306E-17-5.890E+00-6.843E-01 7.276E-01 1.000E+12 0.000E+00
 2.005E+00 0.000E+00  Infinity 9.215E+00 2.376E-17-5.913E+00-6.834E-01 7.285E-01 1.000E+12 0.000E+00
 2.055E+00 0.000E+00  Infinity 9.170E+00 2.448E-17-5.935E+00-6.825E-01 7.293E-01 1.000E+12 0.000E+00
 2.105E+00 0.000E+00  Infinity 9.126E+00 2.519E-17-5.958E+00-6.816E-01 7.301E-01 1.000E+12 0.000E+00
 2.155E+00 0.000E+00  Infinity 9.081E+00 2.592E-17-5.981E+00-6.806E-01 7.310E-01 1.000E+12 0.000E+00
 2.205E+00 0.000E+00  Infinity 9.037E+00 2.665E-17-6.004E+00-6.797E-01 7.319E-01 1.000E+12 0.000E+00
 2.255E+00 0.000E+00  Infinity 8.992E+00 2.739E-17-6.026E+00-6.788E-01 7.327E-01 1.000E+12 0.000E+00
 2.305E+00 0.000E+00  Infinity 8.948E+00 2.814E-17-6.049E+00-6.779E-01 7.336E-01 1.000E+12 0.000E+00
 2.355E+00 0.000E+00  Infinity 8.903E+00 2.889E-17-6.072E+00-6.769E-01 7.344E-01 1.000E+12 0.000E+00
 2.405E+00 0.000E+00  Infinity 8.859E+00 2.965E-17-6.095E+00-6.760E-01 7.353E-01 1.000E+12 0.000E+00
 2.455E+00 0.000E+00  Infinity 8.814E+00 3.042E-17-6.118E+00-6.750E-01 7.362E-01 1.000E+12 0.000E+00
 2.505E+00 0.000E+00  Infinity 8.770E+00 3.120E-17-6.140E+00-6.741E-01 7.370E-01 1.000E+12 0.000E+00
 2.555E+00 0.000E+00  Infinity 8.725E+00 3.198E-17-6.163E+00-6.731E-01 7.379E-01 1.000E+12 0.000E+00
 2.605E+00 0.000E+00  Infinity 8.681E+00 3.278E-17-6.186E+00-6.722E-01 7.388E-01 1.000E+12 0.000E+00
 2.655E+00 0.000E+00  Infinity 8.636E+00 3.358E-17-6.209E+00-6.712E-01 7.397E-01 1.000E+12 0.000E+00
 2.705E+00 0.000E+00  Infinity 8.591E+00 3.439E-17-6.231E+00-6.702E-01 7.406E-01 1.000E+12 0.000E+00
 2.755E+00 0.000E+00  Infinity 8.547E+00 3.521E-17-6.254E+00-6.692E-01 7.414E-01 1.000E+12 0.000E+00
 2.805E+00 0.000E+00  Infinity 8.502E+00 3.603E-17-6.277E+00-6.682E-01 7.423E-01 1.000E+12 0.000E+00
 2.855E+00 0.000E+00  Infinity 8.458E+00 3.687E-17-6.300E+00-6.673E-01 7.432E-01 1.000E+12 0.000E+00
 2.905E+00 0.000E+00  Infinity 8.413E+00 3.771E-17-6.322E+00-6.663E-01 7.441E-01 1.000E+12 0.000E+00
 2.955E+00 0.000E+00  Infinity 8.369E+00 3.856E-17-6.345E+00-6.653E-01 7.450E-01 1.000E+12 0.000E+00
 3.005E+00 0.000E+00  Infinity 8.324E+00 3.943E-17-6.368E+00-6.642E-01 7.459E-01 1.000E+12 0.000E+00
 3.055E+00 0.000E+00  Infinity 8.280E+00 4.030E-17-6.391E+00-6.632E-01 7.468E-01 1.000E+12 0.000E+00
 3.105E+00 0.000E+00  Infinity 8.235E+00 4.118E-17-6.413E+00-6.622E-01 7.477E-01 1.000E+12 0.000E+00
 3.155E+00 0.000E+00  Infinity 8.191E+00 4.207E-17-6.436E+00-6.612E-01 7.486E-01 1.000E+12 0.000E+00
 3.205E+00 0.000E+00  Infinity 8.146E+00 4.297E-17-6.459E+00-6.602E-01 7.495E-01 1.000E+12 0.000E+00
 3.255E+00 0.000E+00  Infinity 8.102E+00 4.388E-17-6.482E+00-6.591E-01 7.504E-01 1.000E+12 0.000E+00
 3.305E+00 0.000E+00  Infinity 8.057E+00 4.480E-17-6.504E+00-6.581E-01 7.513E-01 1.000E+12 0.000E+00
 3.355E+00 0.000E+00  Infinity 8.013E+00 4.573E-17-6.527E+00-6.571E-01 7.522E-01 1.000E+12 0.000E+00
 3.405E+00 0.000E+00  Infinity 7.968E+00 4.667E-17-6.550E+00-6.560E-01 7.532E-01 1.000E+12 0.000E+00
 3.455E+00 0.000E+00  Infinity 7.924E+00 4.762E-17-6.573E+00-6.550E-01 7.541E-01 1.000E+12 0.000E+00
 3.505E+00 0.000E+00  Infinity 7.879E+00 4.859E-17-6.595E+00-6.539E-01 7.550E-01 1.000E+12 0.000E+00
 3.555E+00 0.000E+00  Infinity 7.835E+00 4.956E-17-6.618E+00-6.529E-01 7.559E-01 1.000E+12 0.000E+00
 3.605E+00 0.000E+00  Infinity 7.790E+00 5.054E-17-6.641E+00-6.518E-01 7.568E-01 1.000E+12 0.000E+00
 3.655E+00 0.000E+00  Infinity 7.746E+00 5.154E-17-6.664E+00-6.507E-01 7.577E-01 1.000E+12 0.000E+00
 3.705E+00 0.000E+00  Infinity 7.701E+00 5.255E-17-6.686E+00-6.497E-01 7.586E-01 1.000E+12 0.000E+00
 3.755E+00 0.000E+00  Infinity 7.657E+00 5.356E-17-6.709E+00-6.486E-01 7.596E-01 1.000E+12 0.000E+00
 3.805E+00 0.000E+00  Infinity 7.612E+00 5.460E-17-6.732E+00-6.475E-01 7.605E-01 1.000E+12 0.000E+00
 3.855E+00 0.000E+00  Infinity 7.568E+00 5.564E-17-6.755E+00-6.464E-01 7.614E-01 1.000E+12 0.000E+00
 3.905E+00 0.000E+00  Infinity 7.523E+00 5.669E-17-6.778E+00-6.453E-01 7.623E-01 1.000E+12 0.000E+00
 3.955E+00 0.000E+00  Infinity 7.478E+00 5.776E-17-6.800E+00-6.443E-01 7.632E-01 1.000E+12 0.000E+00
 4.005E+00 0.000E+00  Infinity 7.434E+00 5.884E-17-6.823E+00-6.432E-01 7.641E-01 9.999E+11 0.000E+00
 4.055E+00 0.000E+00  Infinity 7.389E+00 5.993E-17-6.846E+00-6.421E-01 7.651E-01 9.999E+11 0.000E+00
 4.105E+00 0.000E+00  Infinity 7.345E+00 6.104E-17-6.869E+00-6.410E-01 7.660E-01 9.999E+11 0.000E+00
 4.155E+00 0.000E+00  Infinity 7.300E+00 6.216E-17-6.891E+00-6.399E-01 7.669E-01 9.999E+11 0.000E+00
 4.205E+00 0.000E+00  Infinity 7.256E+00 6.330E-17-6.914E+00-6.388E-01 7.678E-01 9.999E+11 0.000E+00
 4.255E+00 0.000E+00  Infinity 7.211E+00 6.444E-17-6.937E+00-6.377E-01 7.687E-01 9.999E+11 0.000E+00
 4.305E+00 0.000E+00  Infinity 7.167E+00 6.561E-17-6.960E+00-6.366E-01 7.697E-01 9.999E+11 0.000E+00
 4.355E+00 0.000E+00  Infinity 7.122E+00 6.678E-17-6.982E+00-6.354E-01 7.706E-01 9.999E+11 0.000E+00
 4.405E+00 0.000E+00  Infinity 7.078E+00 6.797E-17-7.005E+00-6.343E-01 7.715E-01 9.999E+11 0.000E+00
 4.455E+00 0.000E+00  Infinity 7.033E+00 6.918E-17-7.028E+00-6.332E-01 7.724E-01 9.999E+11 0.000E+00
 4.505E+00 0.000E+00  Infinity 6.989E+00 7.040E-17-7.051E+00-6.321E-01 7.733E-01 9.999E+11 0.000E+00
 4.555E+00 0.000E+00  Infinity 6.944E+00 7.164E-17-7.073E+00-6.310E-01 7.742E-01 9.999E+11 0.000E+00
 4.605E+00 0.000E+00  Infinity 6.900E+00 7.290E-17-7.096E+00-6.298E-01 7.752E-01 9.999E+11 0.000E+00
 4.655E+00 0.000E+00  Infinity 6.855E+00 7.417E-17-7.119E+00-6.287E-01 7.761E-01 9.999E+11 0.000E+00
 4.705E+00 0.000E+00  Infinity 6.811E+00 7.545E-17-7.142E+00-6.276E-01 7.770E-01 9.999E+11 0.000E+00
 4.755E+00 0.000E+00  Infinity 6.766E+00 7.676E-17-7.164E+00-6.264E-01 7.779E-01 9.999E+11 0.000E+00
 4.805E+00 0.000E+00  Infinity 6.722E+00 7.808E-17-7.187E+00-6.253E-01 7.788E-01 9.998E+11 0.000E+00
 4.855E+00 0.000E+00  Infinity 6.677E+00 7.941E-17-7.210E+00-6.242E-01 7.797E-01 9.998E+11 0.000E+00
 4.905E+00 0.000E+00  Infinity 6.633E+00 8.077E-17-7.233E+00-6.230E-01 7.806E-01 9.998E+11 0.000E+00
 4.955E+00 0.000E+00  Infinity 6.588E+00 8.215E-17-7.255E+00-6.219E-01 7.815E-01 9.998E+11 0.000E+00
 5.005E+00 0.000E+00  Infinity 6.544E+00 8.354E-17-7.278E+00-6.207E-01 7.825E-01 9.998E+11 0.000E+00
 5.055E+00 0.000E+00  Infinity 6.499E+00 8.495E-17-7.301E+00-6.196E-01 7.834E-01 9.998E+11 0.000E+00
 5.105E+00 0.000E+00  Infinity 6.455E+00 8.638E-17-7.324E+00-6.184E-01 7.843E-01 9.998E+11 0.000E+00
 5.155E+00 0.000E+00  Infinity 6.410E+00 8.784E-17-7.347E+00-6.173E-01 7.852E-01 9.998E+11 0.000E+00
 5.205E+00 0.000E+00  Infinity 6.365E+00 8.931E-17-7.369E+00-6.161E-01 7.861E-01 9.998E+11 0.000E+00
 5.255E+00 0.000E+00  Infinity 6.321E+00 9.080E-17-7.392E+00-6.150E-01 7.870E-01 9.998E+11 0.000E+00
 5.305E+00 0.000E+00  Infinity 6.276E+00 9.232E-17-7.415E+00-6.138E-01 7.879E-01 9.998E+11 0.000E+00
 5.355E+00 0.000E+00  Infinity 6.232E+00 9.385E-17-7.438E+00-6.127E-01 7.888E-01 9.998E+11 0.000E+00
 5.405E+00 0.000E+00  Infinity 6.187E+00 9.541E-17-7.460E+00-6.115E-01 7.897E-01 9.998E+11 0.000E+00
 5.455E+00 0.000E+00  Infinity 6.143E+00 9.699E-17-7.483E+00-6.104E-01 7.906E-01 9.998E+11 0.000E+00
 5.505E+00 0.000E+00  Infinity 6.098E+00 9.859E-17-7.506E+00-6.092E-01 7.915E-01 9.998E+11 0.000E+00
 5.555E+00 0.000E+00  Infinity 6.054E+00 1.002E-16-7.529E+00-6.080E-01 7.924E-01 9.998E+11 0.000E+00
 5.605E+00 0.000E+00  Infinity 6.009E+00 1.019E-16-7.551E+00-6.069E-01 7.932E-01 9.998E+11 0.000E+00
 5.655E+00 0.000E+00  Infinity 5.965E+00 1.035E-16-7.574E+00-6.057E-01 7.941E-01 9.998E+11 0.000E+00
 5.705E+00 0.000E+00  Infinity 5.920E+00 1.052E-16-7.597E+00-6.045E-01 7.950E-01 9.998E+11 0.000E+00
 5.755E+00 0.000E+00  Infinity 5.876E+00 1.070E-16-7.620E+00-6.034E-01 7.959E-01 9.997E+11 0.000E+00
 5.805E+00 0.000E+00  Infinity 5.831E+00 1.087E-16-7.642E+00-6.022E-01 7.968E-01 9.997E+11 0.000E+00
 5.855E+00 0.000E+00  Infinity 5.787E+00 1.105E-16-7.665E+00-6.010E-01 7.977E-01 9.997E+11 0.000E+00
 5.905E+00 0.000E+00  Infinity 5.742E+00 1.123E-16-7.688E+00-5.999E-01 7.985E-01 9.997E+11 0.000E+00
 5.955E+00 0.000E+00  Infinity 5.698E+00 1.142E-16-7.711E+00-5.987E-01 7.994E-01 9.997E+11 0.000E+00
 6.005E+00 0.000E+00  Infinity 5.653E+00 1.160E-16-7.733E+00-5.975E-01 8.003E-01 9.997E+11 0.000E+00
 6.055E+00 0.000E+00  Infinity 5.609E+00 1.179E-16-7.756E+00-5.964E-01 8.012E-01 9.997E+11 0.000E+00
 6.105E+00 0.000E+00  Infinity 5.564E+00 1.198E-16-7.779E+00-5.952E-01 8.020E-01 9.997E+11 0.000E+00
 6.155E+00 0.000E+00  Infinity 5.520E+00 1.218E-16-7.802E+00-5.940E-01 8.029E-01 9.997E+11 0.000E+00
 6.205E+00 0.000E+00  Infinity 5.475E+00 1.238E-16-7.824E+00-5.928E-01 8.038E-01 9.997E+11 0.000E+00
 6.255E+00 0.000E+00  Infinity 5.431E+00 1.258E-16-7.847E+00-5.917E-01 8.046E-01 9.997E+11 0.000E+00
 6.305E+00 0.000E+00  Infinity 5.386E+00 1.279E-16-7.870E+00-5.905E-01 8.055E-01 9.997E+11 0.000E+00
 6.355E+00 0.000E+00  Infinity 5.342E+00 1.299E-16-7.893E+00-5.893E-01 8.064E-01 9.997E+11 0.000E+00
 6.405E+00 0.000E+00  Infinity 5.297E+00 1.321E-16-7.915E+00-5.881E-01 8.072E-01 9.997E+11 0.000E+00
 6.455E+00 0.000E+00  Infinity 5.252E+00 1.342E-16-7.938E+00-5.870E-01 8.081E-01 9.997E+11 0.000E+00
 6.505E+00 0.000E+00  Infinity 5.208E+00 1.364E-16-7.961E+00-5.858E-01 8.089E-01 9.997E+11 0.000E+00
 6.555E+00 0.000E+00  Infinity 5.163E+00 1.387E-16-7.984E+00-5.846E-01 8.098E-01 9.997E+11 0.000E+00
 6.605E+00 0.000E+00  Infinity 5.119E+00 1.409E-16-8.007E+00-5.834E-01 8.106E-01 9.997E+11 0.000E+00
 6.655E+00 0.000E+00  Infinity 5.074E+00 1.432E-16-8.029E+00-5.823E-01 8.115E-01 9.997E+11 0.000E+00
 6.705E+00 0.000E+00  Infinity 5.030E+00 1.456E-16-8.052E+00-5.811E-01 8.123E-01 9.997E+11 0.000E+00
 6.755E+00 0.000E+00  Infinity 4.985E+00 1.480E-16-8.075E+00-5.799E-01 8.132E-01 9.997E+11 0.000E+00
 6.805E+00 0.000E+00  Infinity 4.941E+00 1.504E-16-8.098E+00-5.787E-01 8.140E-01 9.997E+11 0.000E+00
 6.855E+00 0.000E+00  Infinity 4.896E+00 1.529E-16-8.120E+00-5.775E-01 8.148E-01 9.997E+11 0.000E+00
 6.905E+00 0.000E+00  Infinity 4.852E+00 1.554E-16-8.143E+00-5.764E-01 8.157E-01 9.997E+11 0.000E+00
 6.955E+00 0.000E+00  Infinity 4.807E+00 1.580E-16-8.166E+00-5.752E-01 8.165E-01 9.997E+11 0.000E+00
 7.005E+00 0.000E+00  Infinity 4.763E+00 1.606E-16-8.189E+00-5.740E-01 8.173E-01 9.997E+11 0.000E+00
 7.055E+00 0.000E+00  Infinity 4.718E+00 1.633E-16-8.211E+00-5.728E-01 8.181E-01 9.997E+11 0.000E+00
 7.105E+00 0.000E+00  Infinity 4.674E+00 1.660E-16-8.234E+00-5.717E-01 8.190E-01 9.997E+11 0.000E+00
 7.155E+00 0.000E+00  Infinity 4.629E+00 1.688E-16-8.257E+00-5.705E-01 8.198E-01 9.997E+11 0.000E+00
 7.205E+00 0.000E+00  Infinity 4.585E+00 1.716E-16-8.280E+00-5.693E-01 8.206E-01 9.997E+11 0.000E+00
 7.255E+00 0.000E+00  Infinity 4.540E+00 1.745E-16-8.302E+00-5.681E-01 8.214E-01 9.997E+11 0.000E+00
 7.305E+00 0.000E+00  Infinity 4.496E+00 1.775E-16-8.325E+00-5.670E-01 8.222E-01 9.997E+11 0.000E+00
 7.355E+00 0.000E+00  Infinity 4.451E+00 1.805E-16-8.348E+00-5.658E-01 8.230E-01 9.997E+11 0.000E+00
 7.405E+00 0.000E+00  Infinity 4.407E+00 1.835E-16-8.371E+00-5.646E-01 8.238E-01 9.997E+11 0.000E+00
 7.455E+00 0.000E+00  Infinity 4.362E+00 1.867E-16-8.393E+00-5.634E-01 8.247E-01 9.997E+11 0.000E+00
 7.505E+00 0.000E+00  Infinity 4.318E+00 1.899E-16-8.416E+00-5.623E-01 8.255E-01 9.997E+11 0.000E+00
 7.555E+00 0.000E+00  Infinity 4.273E+00 1.931E-16-8.439E+00-5.611E-01 8.262E-01 9.997E+11 0.000E+00
 7.605E+00 0.000E+00  Infinity 4.229E+00 1.964E-16-8.462E+00-5.599E-01 8.270E-01 9.997E+11 0.000E+00
 7.655E+00 0.000E+00  Infinity 4.184E+00 1.998E-16-8.484E+00-5.587E-01 8.278E-01 9.997E+11 0.000E+00
 7.705E+00 0.000E+00  Infinity 4.139E+00 2.033E-16-8.507E+00-5.576E-01 8.286E-01 9.997E+11 0.000E+00
 7.755E+00 0.000E+00  Infinity 4.095E+00 2.068E-16-8.530E+00-5.564E-01 8.294E-01 9.997E+11 0.000E+00
 7.805E+00 0.000E+00  Infinity 4.050E+00 2.105E-16-8.553E+00-5.552E-01 8.302E-01 9.997E+11 0.000E+00
 7.855E+00 0.000E+00  Infinity 4.006E+00 2.142E-16-8.575E+00-5.541E-01 8.310E-01 9.997E+11 0.000E+00
 7.905E+00 0.000E+00  Infinity 3.961E+00 2.180E-16-8.598E+00-5.529E-01 8.318E-01 9.997E+11 0.000E+00
 7.955E+00 0.000E+00  Infinity 3.917E+00 2.218E-16-8.621E+00-5.517E-01 8.325E-01 9.997E+11 0.000E+00
 8.005E+00 0.000E+00  Infinity 3.872E+00 2.258E-16-8.644E+00-5.506E-01 8.333E-01 9.997E+11 0.000E+00
 8.055E+00 0.000E+00  Infinity 3.828E+00 2.298E-16-8.666E+00-5.494E-01 8.341E-01 9.997E+11 0.000E+00
 8.105E+00 0.000E+00  Infinity 3.783E+00 2.340E-16-8.689E+00-5.482E-01 8.348E-01 9.997E+11 0.000E+00
 8.155E+00 0.000E+00  Infinity 3.739E+00 2.382E-16-8.712E+00-5.471E-01 8.356E-01 9.997E+11 0.000E+00
 8.205E+00 0.000E+00  Infinity 3.694E+00 2.426E-16-8.735E+00-5.459E-01 8.363E-01 9.997E+11 0.000E+00
 8.255E+00 0.000E+00  Infinity 3.650E+00 2.470E-16-8.758E+00-5.447E-01 8.371E-01 9.996E+11 0.000E+00
 8.305E+00 0.000E+00  Infinity 3.605E+00 2.516E-16-8.780E+00-5.436E-01 8.379E-01 9.996E+11 0.000E+00
 8.355E+00 0.000E+00  Infinity 3.561E+00 2.563E-16-8.803E+00-5.424E-01 8.388E-01 9.996E+11 0.000E+00
 8.405E+00 0.000E+00  Infinity 3.516E+00 2.611E-16-8.826E+00-5.412E-01 8.395E-01 9.996E+11 0.000E+00
 8.455E+00 0.000E+00  Infinity 3.471E+00 2.660E-16-8.849E+00-5.401E-01 8.401E-01 9.995E+11 0.000E+00
 8.505E+00 0.000E+00  Infinity 3.427E+00 2.711E-16-8.871E+00-5.389E-01 8.404E-01 9.995E+11 0.000E+00
 8.555E+00 0.000E+00  Infinity 3.382E+00 2.763E-16-8.894E+00-5.378E-01 8.406E-01 9.994E+11 0.000E+00
 8.606E+00 0.000E+00  Infinity 3.338E+00 2.816E-16-8.917E+00-5.366E-01 8.405E-01 9.994E+11 0.000E+00
 8.656E+00 0.000E+00  Infinity 3.293E+00 2.871E-16-8.940E+00-5.355E-01 8.402E-01 9.993E+11 0.000E+00
 8.706E+00 0.000E+00  Infinity 3.248E+00 2.927E-16-8.963E+00-5.343E-01 8.396E-01 9.992E+11 0.000E+00
 8.756E+00 0.000E+00  Infinity 3.204E+00 2.985E-16-8.986E+00-5.331E-01 8.386E-01 9.991E+11 0.000E+00
 8.806E+00 0.000E+00  Infinity 3.159E+00 3.045E-16-9.009E+00-5.320E-01 8.371E-01 9.989E+11 0.000E+00
 8.857E+00 0.000E+00  Infinity 3.114E+00 3.106E-16-9.032E+00-5.308E-01 8.350E-01 9.987E+11 0.000E+00
 8.907E+00 0.000E+00  Infinity 3.070E+00 3.169E-16-9.056E+00-5.297E-01 8.321E-01 9.985E+11 0.000E+00
 8.958E+00 0.000E+00  Infinity 3.025E+00 3.235E-16-9.079E+00-5.286E-01 8.281E-01 9.982E+11 0.000E+00
 9.008E+00 0.000E+00  Infinity 2.981E+00 3.302E-16-9.103E+00-5.274E-01 8.228E-01 9.978E+11 0.000E+00
 9.058E+00 0.000E+00  Infinity 2.936E+00 3.370E-16-9.127E+00-5.263E-01 8.160E-01 9.973E+11 0.000E+00
 9.109E+00 0.000E+00  Infinity 2.892E+00 3.441E-16-9.152E+00-5.252E-01 8.075E-01 9.967E+11 0.000E+00
 9.159E+00 0.000E+00  Infinity 2.848E+00 3.514E-16-9.176E+00-5.240E-01 7.970E-01 9.960E+11 0.000E+00
 9.210E+00 0.000E+00  Infinity 2.805E+00 3.589E-16-9.201E+00-5.229E-01 7.843E-01 9.953E+11 0.000E+00
 9.260E+00 0.000E+00  Infinity 2.761E+00 3.666E-16-9.227E+00-5.218E-01 7.692E-01 9.944E+11 0.000E+00
 9.310E+00 0.000E+00  Infinity 2.719E+00 3.745E-16-9.253E+00-5.207E-01 7.521E-01 9.934E+11 0.000E+00
 9.360E+00 0.000E+00  Infinity 2.676E+00 3.826E-16-9.280E+00-5.196E-01 7.331E-01 9.923E+11 0.000E+00
 9.410E+00 0.000E+00  Infinity 2.635E+00 3.909E-16-9.308E+00-5.186E-01 7.125E-01 9.911E+11 0.000E+00
 9.460E+00 0.000E+00  Infinity 2.594E+00 3.993E-16-9.336E+00-5.175E-01 6.908E-01 9.900E+11 0.000E+00
 9.510E+00 0.000E+00  Infinity 2.554E+00 4.080E-16-9.365E+00-5.165E-01 6.688E-01 9.888E+11 0.000E+00
 9.559E+00 0.000E+00  Infinity 2.514E+00 4.168E-16-9.396E+00-5.154E-01 6.472E-01 9.877E+11 0.000E+00
 9.609E+00 0.000E+00  Infinity 2.476E+00 4.258E-16-9.427E+00-5.143E-01 6.269E-01 9.866E+11 0.000E+00
 9.659E+00 0.000E+00  Infinity 2.437E+00 4.350E-16-9.458E+00-5.133E-01 6.084E-01 9.855E+11 0.000E+00
 9.708E+00 0.000E+00  Infinity 2.400E+00 4.445E-16-9.491E+00-5.122E-01 5.913E-01 9.845E+11 0.000E+00
 9.758E+00 0.000E+00  Infinity 2.363E+00 4.541E-16-9.525E+00-5.111E-01 5.751E-01 9.836E+11 0.000E+00
 9.808E+00 0.000E+00  Infinity 2.326E+00 4.640E-16-9.559E+00-5.100E-01 5.593E-01 9.828E+11 0.000E+00
 9.861E+00 0.000E+00  Infinity 2.288E+00 4.747E-16-9.596E+00-5.088E-01 5.424E-01 9.819E+11 0.000E+00
 9.910E+00 0.000E+00  Infinity 2.254E+00 4.848E-16-9.631E+00-5.077E-01 5.264E-01 9.812E+11 0.000E+00
 9.960E+00 0.000E+00  Infinity 2.220E+00 4.952E-16-9.666E+00-5.066E-01 5.103E-01 9.806E+11 0.000E+00
 1.001E+01 0.000E+00  Infinity 2.186E+00 5.058E-16-9.703E+00-5.055E-01 4.946E-01 9.800E+11 0.000E+00
 1.006E+01 0.000E+00  Infinity 2.154E+00 5.162E-16-9.739E+00-5.044E-01 4.798E-01 9.796E+11 0.000E+00
 1.011E+01 0.000E+00  Infinity 2.122E+00 5.272E-16-9.777E+00-5.032E-01 4.651E-01 9.791E+11 0.000E+00
 1.016E+01 0.000E+00  Infinity 2.091E+00 5.384E-16-9.815E+00-5.021E-01 4.516E-01 9.787E+11 0.000E+00
 1.021E+01 0.000E+00  Infinity 2.060E+00 5.497E-16-9.854E+00-5.009E-01 4.395E-01 9.784E+11 0.000E+00
 1.026E+01 0.000E+00  Infinity 2.029E+00 5.613E-16-9.894E+00-4.997E-01 4.291E-01 9.781E+11 0.000E+00
 1.031E+01 0.000E+00  Infinity 2.000E+00 5.731E-16-9.933E+00-4.985E-01 4.208E-01 9.778E+11 0.000E+00
 1.036E+01 0.000E+00  Infinity 1.970E+00 5.852E-16-9.974E+00-4.972E-01 4.149E-01 9.775E+11 0.000E+00
 1.041E+01 0.000E+00  Infinity 1.941E+00 5.975E-16-1.001E+01-4.960E-01 4.114E-01 9.773E+11 0.000E+00
 1.046E+01 0.000E+00  Infinity 1.912E+00 6.102E-16-1.005E+01-4.948E-01 4.096E-01 9.771E+11 0.000E+00
 1.051E+01 0.000E+00  Infinity 1.883E+00 6.233E-16-1.009E+01-4.935E-01 4.092E-01 9.769E+11 0.000E+00
 1.056E+01 0.000E+00  Infinity 1.853E+00 6.369E-16-1.014E+01-4.923E-01 4.095E-01 9.767E+11 0.000E+00
 1.061E+01 0.000E+00  Infinity 1.824E+00 6.509E-16-1.018E+01-4.910E-01 4.101E-01 9.765E+11 0.000E+00
 1.066E+01 0.000E+00  Infinity 1.795E+00 6.654E-16-1.022E+01-4.897E-01 4.104E-01 9.763E+11 0.000E+00
 1.071E+01 0.000E+00  Infinity 1.766E+00 6.803E-16-1.026E+01-4.884E-01 4.103E-01 9.762E+11 0.000E+00
 1.076E+01 0.000E+00  Infinity 1.737E+00 6.958E-16-1.030E+01-4.872E-01 4.101E-01 9.760E+11 0.000E+00
 1.081E+01 0.000E+00  Infinity 1.708E+00 7.117E-16-1.034E+01-4.859E-01 4.097E-01 9.759E+11 0.000E+00
 1.086E+01 0.000E+00  Infinity 1.678E+00 7.281E-16-1.038E+01-4.846E-01 4.094E-01 9.757E+11 0.000E+00
 1.091E+01 0.000E+00  Infinity 1.649E+00 7.452E-16-1.042E+01-4.833E-01 4.092E-01 9.756E+11 0.000E+00
 1.096E+01 0.000E+00  Infinity 1.620E+00 7.628E-16-1.046E+01-4.820E-01 4.093E-01 9.755E+11 0.000E+00
 1.101E+01 0.000E+00  Infinity 1.591E+00 7.811E-16-1.050E+01-4.807E-01 4.095E-01 9.754E+11 0.000E+00
 1.106E+01 0.000E+00  Infinity 1.562E+00 8.001E-16-1.054E+01-4.794E-01 4.099E-01 9.753E+11 0.000E+00
 1.111E+01 0.000E+00  Infinity 1.533E+00 8.198E-16-1.058E+01-4.781E-01 4.103E-01 9.752E+11 0.000E+00
 1.116E+01 0.000E+00  Infinity 1.504E+00 8.406E-16-1.062E+01-4.767E-01 4.108E-01 9.751E+11 0.000E+00
 1.121E+01 0.000E+00  Infinity 1.475E+00 8.619E-16-1.066E+01-4.754E-01 4.113E-01 9.750E+11 0.000E+00
 1.126E+01 0.000E+00  Infinity 1.446E+00 8.840E-16-1.071E+01-4.741E-01 4.117E-01 9.749E+11 0.000E+00
 1.131E+01 0.000E+00  Infinity 1.416E+00 9.077E-16-1.075E+01-4.727E-01 4.122E-01 9.748E+11 0.000E+00
 1.136E+01 0.000E+00  Infinity 1.387E+00 9.318E-16-1.079E+01-4.714E-01 4.127E-01 9.747E+11 0.000E+00
 1.141E+01 0.000E+00  Infinity 1.358E+00 9.570E-16-1.083E+01-4.701E-01 4.131E-01 9.747E+11 0.000E+00
 1.146E+01 0.000E+00  Infinity 1.329E+00 9.833E-16-1.087E+01-4.687E-01 4.136E-01 9.746E+11 0.000E+00
 1.151E+01 0.000E+00  Infinity 1.299E+00 1.011E-15-1.091E+01-4.674E-01 4.141E-01 9.745E+11 0.000E+00
 1.156E+01 0.000E+00  Infinity 1.270E+00 1.039E-15-1.095E+01-4.660E-01 4.146E-01 9.745E+11 0.000E+00
 1.161E+01 0.000E+00  Infinity 1.241E+00 1.070E-15-1.099E+01-4.647E-01 4.151E-01 9.744E+11 0.000E+00
 1.166E+01 0.000E+00  Infinity 1.212E+00 1.101E-15-1.103E+01-4.633E-01 4.157E-01 9.744E+11 0.000E+00
 1.171E+01 0.000E+00  Infinity 1.182E+00 1.134E-15-1.107E+01-4.620E-01 4.162E-01 9.743E+11 0.000E+00
 1.176E+01 0.000E+00  Infinity 1.153E+00 1.169E-15-1.111E+01-4.606E-01 4.167E-01 9.743E+11 0.000E+00
 1.181E+01 0.000E+00  Infinity 1.124E+00 1.206E-15-1.115E+01-4.592E-01 4.173E-01 9.742E+11 0.000E+00
 1.187E+01 0.000E+00  Infinity 1.085E+00 1.258E-15-1.121E+01-4.574E-01 4.180E-01 9.742E+11 0.000E+00
 1.192E+01 0.000E+00  Infinity 1.059E+00 1.294E-15-1.124E+01-4.562E-01 4.184E-01 9.741E+11 0.000E+00
 1.197E+01 0.000E+00  Infinity 1.029E+00 1.340E-15-1.128E+01-4.548E-01 4.190E-01 9.741E+11 0.000E+00
 1.202E+01 0.000E+00  Infinity 9.998E-01 1.383E-15-1.132E+01-4.534E-01 4.195E-01 9.741E+11 0.000E+00
 1.207E+01 0.000E+00  Infinity 9.702E-01 1.431E-15-1.136E+01-4.520E-01 4.200E-01 9.740E+11 0.000E+00
 1.212E+01 0.000E+00  Infinity 9.408E-01 1.480E-15-1.141E+01-4.506E-01 4.205E-01 9.740E+11 0.000E+00
 1.217E+01 0.000E+00  Infinity 9.114E-01 1.534E-15-1.145E+01-4.492E-01 4.211E-01 9.739E+11 0.000E+00
 1.222E+01 0.000E+00  Infinity 8.819E-01 1.593E-15-1.149E+01-4.478E-01 4.216E-01 9.738E+11 0.000E+00
 1.227E+01 0.000E+00  Infinity 8.524E-01 1.651E-15-1.153E+01-4.465E-01 4.221E-01 9.737E+11 0.000E+00
 1.232E+01 0.000E+00  Infinity 8.229E-01 1.707E-15-1.157E+01-4.451E-01 4.226E-01 9.735E+11 0.000E+00
 1.237E+01 0.000E+00  Infinity 7.934E-01 1.768E-15-1.161E+01-4.437E-01 4.231E-01 9.732E+11 0.000E+00
 1.242E+01 0.000E+00  Infinity 7.639E-01 1.830E-15-1.165E+01-4.423E-01 4.236E-01 9.729E+11 0.000E+00
 1.247E+01 0.000E+00  Infinity 7.344E-01 1.895E-15-1.169E+01-4.408E-01 4.241E-01 9.724E+11 0.000E+00
 1.252E+01 0.000E+00  Infinity 7.048E-01 1.964E-15-1.173E+01-4.394E-01 4.246E-01 9.717E+11 0.000E+00
 1.257E+01 0.000E+00  Infinity 6.753E-01 2.044E-15-1.177E+01-4.380E-01 4.251E-01 9.708E+11 0.000E+00
 1.262E+01 0.000E+00  Infinity 6.457E-01 2.134E-15-1.181E+01-4.366E-01 4.256E-01 9.697E+11 0.000E+00
 1.267E+01 0.000E+00  Infinity 6.161E-01 2.233E-15-1.185E+01-4.352E-01 4.261E-01 9.682E+11 0.000E+00
 1.272E+01 0.000E+00  Infinity 5.865E-01 2.342E-15-1.189E+01-4.338E-01 4.266E-01 9.663E+11 0.000E+00
 1.277E+01 0.000E+00  Infinity 5.568E-01 2.454E-15-1.193E+01-4.324E-01 4.270E-01 9.641E+11 0.000E+00
 1.282E+01 0.000E+00  Infinity 5.272E-01 2.584E-15-1.197E+01-4.310E-01 4.275E-01 9.613E+11 0.000E+00
 1.287E+01 0.000E+00  Infinity 4.975E-01 2.733E-15-1.201E+01-4.295E-01 4.280E-01 9.579E+11 0.000E+00
 1.292E+01 0.000E+00  Infinity 4.678E-01 2.902E-15-1.205E+01-4.281E-01 4.284E-01 9.539E+11 0.000E+00
 1.297E+01 0.000E+00  Infinity 4.381E-01 3.094E-15-1.209E+01-4.267E-01 4.289E-01 9.492E+11 0.000E+00
 1.302E+01 0.000E+00  Infinity 4.078E-01 3.312E-15-1.213E+01-4.252E-01 4.294E-01 9.436E+11 0.000E+00
 1.307E+01 0.000E+00  Infinity 3.782E-01 3.553E-15-1.217E+01-4.238E-01 4.298E-01 9.372E+11 0.000E+00
 1.312E+01 0.000E+00  Infinity 3.483E-01 3.823E-15-1.221E+01-4.224E-01 4.303E-01 9.298E+11 0.000E+00
 1.317E+01 0.000E+00  Infinity 3.185E-01 4.364E-15-1.225E+01-4.209E-01 4.307E-01 9.214E+11 0.000E+00
 1.322E+01 0.000E+00  Infinity 2.888E-01 5.190E-15-1.229E+01-4.195E-01 4.311E-01 9.119E+11 0.000E+00
 1.327E+01 0.000E+00  Infinity 2.590E-01 6.186E-15-1.233E+01-4.181E-01 4.316E-01 9.012E+11 0.000E+00
 1.331E+01 0.000E+00  Infinity 2.292E-01 7.386E-15-1.237E+01-4.166E-01 4.320E-01 8.893E+11 0.000E+00
 1.336E+01 0.000E+00  Infinity 1.995E-01 8.908E-15-1.241E+01-4.152E-01 4.324E-01 8.761E+11 0.000E+00
 1.341E+01 0.000E+00  Infinity 1.698E-01 1.147E-14-1.244E+01-4.138E-01 4.328E-01 8.615E+11 0.000E+00
 1.346E+01 0.000E+00  Infinity 1.400E-01 1.571E-14-1.248E+01-4.123E-01 4.332E-01 8.455E+11 0.000E+00
 1.351E+01 0.000E+00  Infinity 1.103E-01 2.257E-14-1.252E+01-4.109E-01 4.336E-01 8.282E+11 0.000E+00
 1.356E+01 0.000E+00  Infinity 8.055E-02 3.578E-14-1.256E+01-4.095E-01 4.340E-01 8.094E+11 0.000E+00
 1.361E+01 0.000E+00  Infinity 5.082E-02 5.896E-14-1.260E+01-4.080E-01 4.344E-01 7.893E+11 0.000E+00
 1.366E+01 0.000E+00  Infinity 2.109E-02 1.446E-13-1.264E+01-4.066E-01 4.348E-01 7.677E+11 0.000E+00
 1.371E+01 0.000E+00  Infinity 8.645E-03 3.142E+00-1.268E+01-4.052E-01 4.352E-01 7.449E+11 0.000E+00
 1.377E+01 0.000E+00  Infinity 4.377E-02 3.142E+00-1.273E+01-4.035E-01 4.356E-01 7.162E+11 0.000E+00
 1.382E+01 0.000E+00  Infinity 7.392E-02 3.142E+00-1.276E+01-4.020E-01 4.360E-01 6.903E+11 0.000E+00
 1.387E+01 0.000E+00  Infinity 1.044E-01 3.142E+00-1.280E+01-4.006E-01 4.364E-01 6.629E+11 0.000E+00
 1.392E+01 0.000E+00  Infinity 1.348E-01 3.142E+00-1.284E+01-3.991E-01 4.367E-01 6.346E+11 0.000E+00
 1.397E+01 0.000E+00  Infinity 1.654E-01 3.142E+00-1.288E+01-3.976E-01 4.371E-01 6.053E+11 0.000E+00
 1.402E+01 0.000E+00  Infinity 1.959E-01 3.142E+00-1.292E+01-3.962E-01 4.374E-01 5.754E+11 0.000E+00
 1.407E+01 0.000E+00  Infinity 2.265E-01 3.142E+00-1.296E+01-3.947E-01 4.378E-01 5.448E+11 0.000E+00
 1.412E+01 0.000E+00  Infinity 2.571E-01 3.142E+00-1.300E+01-3.932E-01 4.381E-01 5.139E+11 0.000E+00
 1.417E+01 0.000E+00  Infinity 2.877E-01 3.142E+00-1.304E+01-3.918E-01 4.384E-01 4.827E+11 0.000E+00
 1.422E+01 0.000E+00  Infinity 3.184E-01 3.142E+00-1.308E+01-3.903E-01 4.388E-01 4.516E+11 0.000E+00
 1.427E+01 0.000E+00  Infinity 3.491E-01 3.142E+00-1.312E+01-3.888E-01 4.391E-01 4.207E+11 0.000E+00
 1.432E+01 0.000E+00  Infinity 3.798E-01 3.142E+00-1.316E+01-3.873E-01 4.394E-01 3.901E+11 0.000E+00
 1.437E+01 0.000E+00  Infinity 4.106E-01 3.142E+00-1.320E+01-3.859E-01 4.397E-01 3.602E+11 0.000E+00
 1.442E+01 0.000E+00  Infinity 4.414E-01 3.142E+00-1.324E+01-3.844E-01 4.400E-01 3.310E+11 0.000E+00
 1.447E+01 0.000E+00  Infinity 4.723E-01 3.142E+00-1.328E+01-3.829E-01 4.403E-01 3.027E+11 0.000E+00
 1.452E+01 0.000E+00  Infinity 5.032E-01 3.142E+00-1.332E+01-3.814E-01 4.406E-01 2.756E+11 0.000E+00
 1.457E+01 0.000E+00  Infinity 5.341E-01 3.142E+00-1.336E+01-3.799E-01 4.408E-01 2.496E+11 0.000E+00
 1.462E+01 0.000E+00  Infinity 5.651E-01 3.142E+00-1.340E+01-3.785E-01 4.411E-01 2.250E+11 0.000E+00
 1.467E+01 0.000E+00  Infinity 5.961E-01 3.142E+00-1.344E+01-3.770E-01 4.414E-01 2.018E+11 0.000E+00
 1.472E+01 0.000E+00  Infinity 6.271E-01 3.142E+00-1.347E+01-3.755E-01 4.416E-01 1.800E+11 0.000E+00
 1.477E+01 0.000E+00  Infinity 6.582E-01 3.142E+00-1.351E+01-3.740E-01 4.419E-01 1.598E+11 0.000E+00
 1.482E+01 0.000E+00  Infinity 6.893E-01 3.142E+00-1.355E+01-3.726E-01 4.421E-01 1.411E+11 0.000E+00
 1.487E+01 0.000E+00  Infinity 7.204E-01 3.142E+00-1.359E+01-3.711E-01 4.424E-01 1.240E+11 0.000E+00
 1.492E+01 0.000E+00  Infinity 7.516E-01 3.142E+00-1.363E+01-3.696E-01 4.426E-01 1.084E+11 0.000E+00
 1.496E+01 0.000E+00  Infinity 7.820E-01 3.142E+00-1.367E+01-3.682E-01 4.428E-01 9.457E+10 0.000E+00
 1.501E+01 0.000E+00  Infinity 8.133E-01 3.142E+00-1.371E+01-3.667E-01 4.430E-01 8.180E+10 0.000E+00
 1.506E+01 0.000E+00  Infinity 8.446E-01 3.142E+00-1.375E+01-3.652E-01 4.432E-01 7.039E+10 0.000E+00
 1.511E+01 0.000E+00  Infinity 8.759E-01 3.142E+00-1.379E+01-3.637E-01 4.434E-01 6.025E+10 0.000E+00
 1.516E+01 0.000E+00  Infinity 9.073E-01 3.142E+00-1.383E+01-3.622E-01 4.436E-01 5.131E+10 0.000E+00
 1.521E+01 0.000E+00  Infinity 9.387E-01 3.142E+00-1.386E+01-3.608E-01 4.438E-01 4.347E+10 0.000E+00
 1.526E+01 0.000E+00  Infinity 9.702E-01 3.142E+00-1.390E+01-3.593E-01 4.440E-01 3.664E+10 0.000E+00
 1.531E+01 0.000E+00  Infinity 1.002E+00 3.142E+00-1.394E+01-3.578E-01 4.442E-01 3.073E+10 0.000E+00
 1.536E+01 0.000E+00  Infinity 1.033E+00 3.142E+00-1.398E+01-3.563E-01 4.444E-01 2.565E+10 0.000E+00
 1.541E+01 0.000E+00  Infinity 1.065E+00 3.142E+00-1.402E+01-3.549E-01 4.445E-01 2.130E+10 0.000E+00
 1.546E+01 0.000E+00  Infinity 1.096E+00 3.142E+00-1.406E+01-3.534E-01 4.447E-01 1.761E+10 0.000E+00
 1.551E+01 0.000E+00  Infinity 1.128E+00 3.142E+00-1.410E+01-3.519E-01 4.449E-01 1.448E+10 0.000E+00
 1.556E+01 0.000E+00  Infinity 1.160E+00 3.142E+00-1.414E+01-3.504E-01 4.450E-01 1.186E+10 0.000E+00
 1.561E+01 0.000E+00  Infinity 1.191E+00 3.142E+00-1.417E+01-3.490E-01 4.452E-01 9.692E+09 0.000E+00
 1.566E+01 0.000E+00  Infinity 1.223E+00 3.142E+00-1.421E+01-3.475E-01 4.454E-01 7.866E+09 0.000E+00
 1.571E+01 0.000E+00  Infinity 1.255E+00 3.142E+00-1.425E+01-3.460E-01 4.456E-01 6.341E+09 0.000E+00
 1.576E+01 0.000E+00  Infinity 1.287E+00 3.142E+00-1.429E+01-3.446E-01 4.458E-01 5.115E+09 0.000E+00
 1.581E+01 0.000E+00  Infinity 1.319E+00 3.142E+00-1.433E+01-3.431E-01 4.461E-01 4.100E+09 0.000E+00
 1.586E+01 0.000E+00  Infinity 1.351E+00 3.142E+00-1.437E+01-3.417E-01 4.463E-01 3.273E+09 0.000E+00
 1.591E+01 0.000E+00  Infinity 1.383E+00 3.142E+00-1.440E+01-3.402E-01 4.465E-01 2.604E+09 0.000E+00
 1.596E+01 0.000E+00  Infinity 1.415E+00 3.142E+00-1.444E+01-3.387E-01 4.467E-01 2.064E+09 0.000E+00
 1.601E+01 0.000E+00  Infinity 1.447E+00 3.142E+00-1.448E+01-3.373E-01 4.470E-01 1.631E+09 0.000E+00
 1.606E+01 0.000E+00  Infinity 1.479E+00 3.142E+00-1.452E+01-3.358E-01 4.476E-01 1.284E+09 0.000E+00
 1.611E+01 0.000E+00  Infinity 1.511E+00 3.142E+00-1.456E+01-3.344E-01 4.486E-01 1.007E+09 0.000E+00
 1.616E+01 0.000E+00  Infinity 1.544E+00 3.142E+00-1.460E+01-3.329E-01 4.500E-01 7.874E+08 0.000E+00
 1.621E+01 0.000E+00  Infinity 1.576E+00 3.142E+00-1.463E+01-3.315E-01 4.515E-01 6.142E+08 0.000E+00
 1.626E+01 0.000E+00  Infinity 1.609E+00 3.142E+00-1.467E+01-3.301E-01 4.528E-01 4.771E+08 0.000E+00
 1.631E+01 0.000E+00  Infinity 1.641E+00 3.142E+00-1.471E+01-3.287E-01 4.534E-01 3.710E+08 0.000E+00
 1.636E+01 0.000E+00  Infinity 1.673E+00 3.142E+00-1.475E+01-3.273E-01 4.535E-01 2.883E+08 0.000E+00
 1.641E+01 0.000E+00  Infinity 1.707E+00 3.142E+00-1.478E+01-3.258E-01 4.544E-01 2.210E+08 0.000E+00
 1.646E+01 0.000E+00  Infinity 1.739E+00 3.142E+00-1.482E+01-3.244E-01 4.578E-01 1.706E+08 0.000E+00
 1.651E+01 0.000E+00  Infinity 1.772E+00 3.142E+00-1.486E+01-3.231E-01 4.655E-01 1.314E+08 0.000E+00
 1.656E+01 0.000E+00  Infinity 1.805E+00 3.142E+00-1.489E+01-3.217E-01 4.788E-01 1.008E+08 0.000E+00
 1.661E+01 0.000E+00  Infinity 1.840E+00 3.142E+00-1.493E+01-3.204E-01 4.977E-01 7.640E+07 0.000E+00


