 i rho powden spower powden_e powden_i powden_cl       curden_par curden_onetwo curden_tor cur_den_pol currden 
   0.598E-02   0.117E+12   0.117E+12   0.117E+12   0.000E+00   0.109E+06   0.000E+00   0.000E+00   0.000E+00   0.000E+00   0.000E+00
   0.179E-01   0.130E+12   0.130E+12   0.130E+12   0.000E+00   0.123E+06   0.000E+00   0.000E+00   0.000E+00   0.000E+00   0.000E+00
   0.299E-01   0.124E+12   0.124E+12   0.124E+12   0.000E+00   0.120E+06   0.000E+00   0.000E+00   0.000E+00   0.000E+00   0.000E+00
   0.419E-01   0.115E+12   0.115E+12   0.115E+12   0.000E+00   0.116E+06   0.000E+00   0.000E+00   0.000E+00   0.000E+00   0.000E+00
   0.538E-01   0.103E+12   0.103E+12   0.103E+12   0.000E+00   0.111E+06   0.000E+00   0.000E+00   0.000E+00   0.000E+00   0.000E+00
   0.658E-01   0.897E+11   0.897E+11   0.897E+11   0.000E+00   0.106E+06   0.000E+00   0.000E+00   0.000E+00   0.000E+00   0.000E+00
   0.778E-01   0.752E+11   0.752E+11   0.752E+11   0.000E+00   0.101E+06   0.000E+00   0.000E+00   0.000E+00   0.000E+00   0.000E+00
   0.897E-01   0.609E+11   0.609E+11   0.609E+11   0.000E+00   0.960E+05   0.000E+00   0.000E+00   0.000E+00   0.000E+00   0.000E+00
   0.102E+00   0.474E+11   0.474E+11   0.474E+11   0.000E+00   0.919E+05   0.000E+00   0.000E+00   0.000E+00   0.000E+00   0.000E+00
   0.114E+00   0.356E+11   0.356E+11   0.356E+11   0.000E+00   0.887E+05   0.000E+00   0.000E+00   0.000E+00   0.000E+00   0.000E+00
   0.126E+00   0.261E+11   0.261E+11   0.261E+11   0.000E+00   0.863E+05   0.000E+00   0.000E+00   0.000E+00   0.000E+00   0.000E+00
   0.138E+00   0.182E+11   0.182E+11   0.182E+11   0.000E+00   0.845E+05   0.000E+00   0.000E+00   0.000E+00   0.000E+00   0.000E+00
   0.150E+00   0.124E+11   0.124E+11   0.124E+11   0.000E+00   0.834E+05   0.000E+00   0.000E+00   0.000E+00   0.000E+00   0.000E+00
   0.161E+00   0.817E+10   0.817E+10   0.817E+10   0.000E+00   0.827E+05   0.000E+00   0.000E+00   0.000E+00   0.000E+00   0.000E+00
   0.173E+00   0.522E+10   0.522E+10   0.522E+10   0.000E+00   0.823E+05   0.000E+00   0.000E+00   0.000E+00   0.000E+00   0.000E+00
   0.185E+00   0.333E+10   0.333E+10   0.333E+10   0.000E+00   0.820E+05   0.000E+00   0.000E+00   0.000E+00   0.000E+00   0.000E+00
   0.197E+00   0.210E+10   0.210E+10   0.210E+10   0.000E+00   0.819E+05   0.000E+00   0.000E+00   0.000E+00   0.000E+00   0.000E+00
   0.209E+00   0.141E+10   0.141E+10   0.141E+10   0.000E+00   0.818E+05   0.000E+00   0.000E+00   0.000E+00   0.000E+00   0.000E+00
   0.221E+00   0.102E+10   0.102E+10   0.102E+10   0.000E+00   0.814E+05   0.000E+00   0.000E+00   0.000E+00   0.000E+00   0.000E+00
   0.233E+00   0.864E+09   0.864E+09   0.863E+09   0.000E+00   0.807E+05   0.000E+00   0.000E+00   0.000E+00   0.000E+00   0.000E+00
   0.245E+00   0.822E+09   0.822E+09   0.822E+09   0.000E+00   0.805E+05   0.000E+00   0.000E+00   0.000E+00   0.000E+00   0.000E+00
   0.257E+00   0.902E+09   0.902E+09   0.902E+09   0.000E+00   0.782E+05   0.000E+00   0.000E+00   0.000E+00   0.000E+00   0.000E+00
   0.269E+00   0.112E+10   0.112E+10   0.112E+10   0.000E+00   0.696E+05   0.000E+00   0.000E+00   0.000E+00   0.000E+00   0.000E+00
   0.281E+00   0.148E+10   0.148E+10   0.148E+10   0.000E+00   0.576E+05   0.000E+00   0.000E+00   0.000E+00   0.000E+00   0.000E+00
   0.293E+00   0.194E+10   0.194E+10   0.194E+10   0.000E+00   0.464E+05   0.000E+00   0.000E+00   0.000E+00   0.000E+00   0.000E+00
   0.305E+00   0.236E+10   0.236E+10   0.236E+10   0.000E+00   0.374E+05   0.000E+00   0.000E+00   0.000E+00   0.000E+00   0.000E+00
   0.317E+00   0.271E+10   0.271E+10   0.271E+10   0.000E+00   0.294E+05   0.000E+00   0.000E+00   0.000E+00   0.000E+00   0.000E+00
   0.329E+00   0.286E+10   0.286E+10   0.286E+10   0.000E+00   0.214E+05   0.000E+00   0.000E+00   0.000E+00   0.000E+00   0.000E+00
   0.341E+00   0.269E+10   0.269E+10   0.269E+10   0.000E+00   0.145E+05   0.000E+00   0.000E+00   0.000E+00   0.000E+00   0.000E+00
   0.353E+00   0.223E+10   0.223E+10   0.223E+10   0.000E+00   0.932E+04   0.000E+00   0.000E+00   0.000E+00   0.000E+00   0.000E+00
   0.365E+00   0.162E+10   0.162E+10   0.162E+10   0.000E+00   0.558E+04   0.000E+00   0.000E+00   0.000E+00   0.000E+00   0.000E+00
   0.377E+00   0.109E+10   0.109E+10   0.109E+10   0.000E+00   0.331E+04   0.000E+00   0.000E+00   0.000E+00   0.000E+00   0.000E+00
   0.389E+00   0.696E+09   0.696E+09   0.696E+09   0.000E+00   0.192E+04   0.000E+00   0.000E+00   0.000E+00   0.000E+00   0.000E+00
   0.401E+00   0.425E+09   0.425E+09   0.425E+09   0.000E+00   0.110E+04   0.000E+00   0.000E+00   0.000E+00   0.000E+00   0.000E+00
   0.413E+00   0.248E+09   0.248E+09   0.248E+09   0.000E+00   0.617E+03   0.000E+00   0.000E+00   0.000E+00   0.000E+00   0.000E+00
   0.425E+00   0.147E+09   0.147E+09   0.147E+09   0.000E+00   0.338E+03   0.000E+00   0.000E+00   0.000E+00   0.000E+00   0.000E+00
   0.437E+00   0.876E+08   0.876E+08   0.876E+08   0.000E+00   0.193E+03   0.000E+00   0.000E+00   0.000E+00   0.000E+00   0.000E+00
   0.449E+00   0.582E+08   0.582E+08   0.582E+08   0.000E+00   0.172E+03   0.000E+00   0.000E+00   0.000E+00   0.000E+00   0.000E+00
   0.461E+00   0.427E+08   0.427E+08   0.427E+08   0.000E+00   0.233E+03   0.000E+00   0.000E+00   0.000E+00   0.000E+00   0.000E+00
   0.472E+00   0.279E+08   0.279E+08   0.279E+08   0.000E+00   0.305E+03   0.000E+00   0.000E+00   0.000E+00   0.000E+00   0.000E+00
   0.484E+00   0.161E+08   0.161E+08   0.161E+08   0.000E+00   0.392E+03   0.000E+00   0.000E+00   0.000E+00   0.000E+00   0.000E+00
   0.496E+00   0.738E+07   0.738E+07   0.738E+07   0.000E+00   0.564E+03   0.000E+00   0.000E+00   0.000E+00   0.000E+00   0.000E+00
   0.508E+00   0.174E+07   0.174E+07   0.173E+07   0.000E+00   0.100E+04   0.000E+00   0.000E+00   0.000E+00   0.000E+00   0.000E+00
   0.520E+00   0.225E+06   0.225E+06   0.224E+06   0.000E+00   0.170E+04   0.000E+00   0.000E+00   0.000E+00   0.000E+00   0.000E+00
   0.532E+00   0.146E+06   0.146E+06   0.144E+06   0.000E+00   0.190E+04   0.000E+00   0.000E+00   0.000E+00   0.000E+00   0.000E+00
   0.544E+00   0.306E+06   0.306E+06   0.304E+06   0.000E+00   0.173E+04   0.000E+00   0.000E+00   0.000E+00   0.000E+00   0.000E+00
   0.556E+00   0.394E+06   0.394E+06   0.392E+06   0.000E+00   0.175E+04   0.000E+00   0.000E+00   0.000E+00   0.000E+00   0.000E+00
   0.568E+00   0.484E+06   0.484E+06   0.482E+06   0.000E+00   0.179E+04   0.000E+00   0.000E+00   0.000E+00   0.000E+00   0.000E+00
   0.580E+00   0.661E+06   0.661E+06   0.659E+06   0.000E+00   0.178E+04   0.000E+00   0.000E+00   0.000E+00   0.000E+00   0.000E+00
   0.592E+00   0.867E+06   0.867E+06   0.865E+06   0.000E+00   0.179E+04   0.000E+00   0.000E+00   0.000E+00   0.000E+00   0.000E+00
   0.604E+00   0.112E+07   0.112E+07   0.112E+07   0.000E+00   0.166E+04   0.000E+00   0.000E+00   0.000E+00   0.000E+00   0.000E+00
   0.616E+00   0.145E+07   0.145E+07   0.145E+07   0.000E+00   0.134E+04   0.000E+00   0.000E+00   0.000E+00   0.000E+00   0.000E+00
   0.628E+00   0.185E+07   0.185E+07   0.185E+07   0.000E+00   0.121E+04   0.000E+00   0.000E+00   0.000E+00   0.000E+00   0.000E+00
   0.640E+00   0.238E+07   0.238E+07   0.238E+07   0.000E+00   0.122E+04   0.000E+00   0.000E+00   0.000E+00   0.000E+00   0.000E+00
   0.652E+00   0.297E+07   0.297E+07   0.297E+07   0.000E+00   0.122E+04   0.000E+00   0.000E+00   0.000E+00   0.000E+00   0.000E+00
   0.664E+00   0.372E+07   0.372E+07   0.372E+07   0.000E+00   0.123E+04   0.000E+00   0.000E+00   0.000E+00   0.000E+00   0.000E+00
   0.676E+00   0.458E+07   0.458E+07   0.458E+07   0.000E+00   0.124E+04   0.000E+00   0.000E+00   0.000E+00   0.000E+00   0.000E+00
   0.688E+00   0.560E+07   0.560E+07   0.560E+07   0.000E+00   0.124E+04   0.000E+00   0.000E+00   0.000E+00   0.000E+00   0.000E+00
   0.700E+00   0.674E+07   0.674E+07   0.674E+07   0.000E+00   0.125E+04   0.000E+00   0.000E+00   0.000E+00   0.000E+00   0.000E+00
   0.712E+00   0.803E+07   0.803E+07   0.803E+07   0.000E+00   0.126E+04   0.000E+00   0.000E+00   0.000E+00   0.000E+00   0.000E+00
   0.724E+00   0.941E+07   0.941E+07   0.941E+07   0.000E+00   0.127E+04   0.000E+00   0.000E+00   0.000E+00   0.000E+00   0.000E+00
   0.736E+00   0.109E+08   0.109E+08   0.109E+08   0.000E+00   0.127E+04   0.000E+00   0.000E+00   0.000E+00   0.000E+00   0.000E+00
   0.748E+00   0.124E+08   0.124E+08   0.124E+08   0.000E+00   0.128E+04   0.000E+00   0.000E+00   0.000E+00   0.000E+00   0.000E+00
   0.760E+00   0.139E+08   0.139E+08   0.139E+08   0.000E+00   0.129E+04   0.000E+00   0.000E+00   0.000E+00   0.000E+00   0.000E+00
   0.772E+00   0.153E+08   0.153E+08   0.153E+08   0.000E+00   0.130E+04   0.000E+00   0.000E+00   0.000E+00   0.000E+00   0.000E+00
   0.783E+00   0.165E+08   0.165E+08   0.165E+08   0.000E+00   0.131E+04   0.000E+00   0.000E+00   0.000E+00   0.000E+00   0.000E+00
   0.795E+00   0.174E+08   0.174E+08   0.174E+08   0.000E+00   0.131E+04   0.000E+00   0.000E+00   0.000E+00   0.000E+00   0.000E+00
   0.807E+00   0.180E+08   0.180E+08   0.180E+08   0.000E+00   0.132E+04   0.000E+00   0.000E+00   0.000E+00   0.000E+00   0.000E+00
   0.819E+00   0.182E+08   0.182E+08   0.182E+08   0.000E+00   0.133E+04   0.000E+00   0.000E+00   0.000E+00   0.000E+00   0.000E+00
   0.831E+00   0.179E+08   0.179E+08   0.179E+08   0.000E+00   0.134E+04   0.000E+00   0.000E+00   0.000E+00   0.000E+00   0.000E+00
   0.843E+00   0.171E+08   0.171E+08   0.171E+08   0.000E+00   0.135E+04   0.000E+00   0.000E+00   0.000E+00   0.000E+00   0.000E+00
   0.855E+00   0.158E+08   0.158E+08   0.158E+08   0.000E+00   0.136E+04   0.000E+00   0.000E+00   0.000E+00   0.000E+00   0.000E+00
   0.867E+00   0.142E+08   0.142E+08   0.142E+08   0.000E+00   0.137E+04   0.000E+00   0.000E+00   0.000E+00   0.000E+00   0.000E+00
   0.879E+00   0.123E+08   0.123E+08   0.123E+08   0.000E+00   0.138E+04   0.000E+00   0.000E+00   0.000E+00   0.000E+00   0.000E+00
   0.891E+00   0.103E+08   0.103E+08   0.103E+08   0.000E+00   0.140E+04   0.000E+00   0.000E+00   0.000E+00   0.000E+00   0.000E+00
   0.903E+00   0.818E+07   0.818E+07   0.818E+07   0.000E+00   0.141E+04   0.000E+00   0.000E+00   0.000E+00   0.000E+00   0.000E+00
   0.915E+00   0.626E+07   0.626E+07   0.625E+07   0.000E+00   0.142E+04   0.000E+00   0.000E+00   0.000E+00   0.000E+00   0.000E+00
   0.927E+00   0.455E+07   0.455E+07   0.455E+07   0.000E+00   0.143E+04   0.000E+00   0.000E+00   0.000E+00   0.000E+00   0.000E+00
   0.939E+00   0.314E+07   0.314E+07   0.314E+07   0.000E+00   0.144E+04   0.000E+00   0.000E+00   0.000E+00   0.000E+00   0.000E+00
   0.951E+00   0.204E+07   0.204E+07   0.204E+07   0.000E+00   0.146E+04   0.000E+00   0.000E+00   0.000E+00   0.000E+00   0.000E+00
   0.963E+00   0.124E+07   0.124E+07   0.124E+07   0.000E+00   0.147E+04   0.000E+00   0.000E+00   0.000E+00   0.000E+00   0.000E+00
   0.975E+00   0.705E+06   0.705E+06   0.704E+06   0.000E+00   0.148E+04   0.000E+00   0.000E+00   0.000E+00   0.000E+00   0.000E+00
   0.987E+00   0.370E+06   0.370E+06   0.369E+06   0.000E+00   0.150E+04   0.000E+00   0.000E+00   0.000E+00   0.000E+00   0.000E+00
   0.999E+00   0.179E+06   0.179E+06   0.178E+06   0.000E+00   0.151E+04   0.000E+00   0.000E+00   0.000E+00   0.000E+00   0.000E+00
   0.101E+01   0.799E+05   0.799E+05   0.784E+05   0.000E+00   0.153E+04   0.000E+00   0.000E+00   0.000E+00   0.000E+00   0.000E+00
   0.102E+01   0.336E+05   0.336E+05   0.321E+05   0.000E+00   0.154E+04   0.000E+00   0.000E+00   0.000E+00   0.000E+00   0.000E+00
   0.103E+01   0.152E+05   0.152E+05   0.137E+05   0.000E+00   0.156E+04   0.000E+00   0.000E+00   0.000E+00   0.000E+00   0.000E+00
   0.105E+01   0.106E+05   0.106E+05   0.904E+04   0.000E+00   0.158E+04   0.000E+00   0.000E+00   0.000E+00   0.000E+00   0.000E+00
   0.106E+01   0.134E+05   0.134E+05   0.118E+05   0.000E+00   0.159E+04   0.000E+00   0.000E+00   0.000E+00   0.000E+00   0.000E+00
   0.107E+01   0.217E+05   0.217E+05   0.201E+05   0.000E+00   0.161E+04   0.000E+00   0.000E+00   0.000E+00   0.000E+00   0.000E+00
   0.108E+01   0.368E+05   0.368E+05   0.352E+05   0.000E+00   0.163E+04   0.000E+00   0.000E+00   0.000E+00   0.000E+00   0.000E+00
   0.109E+01   0.607E+05   0.607E+05   0.591E+05   0.000E+00   0.165E+04   0.000E+00   0.000E+00   0.000E+00   0.000E+00   0.000E+00
   0.111E+01   0.951E+05   0.951E+05   0.935E+05   0.000E+00   0.167E+04   0.000E+00   0.000E+00   0.000E+00   0.000E+00   0.000E+00
   0.112E+01   0.142E+06   0.142E+06   0.140E+06   0.000E+00   0.169E+04   0.000E+00   0.000E+00   0.000E+00   0.000E+00   0.000E+00
   0.113E+01   0.198E+06   0.198E+06   0.196E+06   0.000E+00   0.171E+04   0.000E+00   0.000E+00   0.000E+00   0.000E+00   0.000E+00
   0.114E+01   0.256E+06   0.256E+06   0.254E+06   0.000E+00   0.173E+04   0.000E+00   0.000E+00   0.000E+00   0.000E+00   0.000E+00
   0.115E+01   0.305E+06   0.305E+06   0.304E+06   0.000E+00   0.176E+04   0.000E+00   0.000E+00   0.000E+00   0.000E+00   0.000E+00
   0.117E+01   0.331E+06   0.331E+06   0.329E+06   0.000E+00   0.178E+04   0.000E+00   0.000E+00   0.000E+00   0.000E+00   0.000E+00
   0.118E+01   0.183E+06   0.183E+06   0.182E+06   0.000E+00   0.100E+04   0.000E+00   0.000E+00   0.000E+00   0.000E+00   0.000E+00
