 rho spower powden powden_e                            powden_i powden_cl
  0.5981E-02  0.1167E+12  0.1167E+12  0.1167E+12  0.0000E+00  0.1093E+06
  0.1794E-01  0.1297E+12  0.1297E+12  0.1297E+12  0.0000E+00  0.1226E+06
  0.2990E-01  0.1239E+12  0.1239E+12  0.1239E+12  0.0000E+00  0.1200E+06
  0.4187E-01  0.1149E+12  0.1149E+12  0.1149E+12  0.0000E+00  0.1159E+06
  0.5383E-01  0.1033E+12  0.1033E+12  0.1033E+12  0.0000E+00  0.1111E+06
  0.6579E-01  0.8966E+11  0.8966E+11  0.8966E+11  0.0000E+00  0.1057E+06
  0.7775E-01  0.7517E+11  0.7517E+11  0.7517E+11  0.0000E+00  0.1006E+06
  0.8971E-01  0.6093E+11  0.6093E+11  0.6093E+11  0.0000E+00  0.9595E+05
  0.1017E+00  0.4740E+11  0.4740E+11  0.4740E+11  0.0000E+00  0.9191E+05
  0.1136E+00  0.3561E+11  0.3561E+11  0.3561E+11  0.0000E+00  0.8870E+05
  0.1256E+00  0.2608E+11  0.2608E+11  0.2608E+11  0.0000E+00  0.8632E+05
  0.1376E+00  0.1816E+11  0.1816E+11  0.1816E+11  0.0000E+00  0.8455E+05
  0.1495E+00  0.1241E+11  0.1241E+11  0.1241E+11  0.0000E+00  0.8341E+05
  0.1615E+00  0.8171E+10  0.8171E+10  0.8171E+10  0.0000E+00  0.8268E+05
  0.1734E+00  0.5216E+10  0.5216E+10  0.5216E+10  0.0000E+00  0.8225E+05
  0.1854E+00  0.3332E+10  0.3332E+10  0.3332E+10  0.0000E+00  0.8201E+05
  0.1974E+00  0.2098E+10  0.2098E+10  0.2098E+10  0.0000E+00  0.8187E+05
  0.2093E+00  0.1415E+10  0.1415E+10  0.1415E+10  0.0000E+00  0.8182E+05
  0.2213E+00  0.1024E+10  0.1024E+10  0.1023E+10  0.0000E+00  0.8143E+05
  0.2333E+00  0.8635E+09  0.8635E+09  0.8634E+09  0.0000E+00  0.8069E+05
  0.2452E+00  0.8223E+09  0.8223E+09  0.8222E+09  0.0000E+00  0.8048E+05
  0.2572E+00  0.9018E+09  0.9018E+09  0.9017E+09  0.0000E+00  0.7817E+05
  0.2691E+00  0.1116E+10  0.1116E+10  0.1116E+10  0.0000E+00  0.6955E+05
  0.2811E+00  0.1485E+10  0.1485E+10  0.1485E+10  0.0000E+00  0.5758E+05
  0.2931E+00  0.1939E+10  0.1939E+10  0.1939E+10  0.0000E+00  0.4639E+05
  0.3050E+00  0.2360E+10  0.2360E+10  0.2360E+10  0.0000E+00  0.3740E+05
  0.3170E+00  0.2708E+10  0.2708E+10  0.2708E+10  0.0000E+00  0.2938E+05
  0.3289E+00  0.2860E+10  0.2860E+10  0.2860E+10  0.0000E+00  0.2140E+05
  0.3409E+00  0.2685E+10  0.2685E+10  0.2685E+10  0.0000E+00  0.1450E+05
  0.3529E+00  0.2229E+10  0.2229E+10  0.2229E+10  0.0000E+00  0.9324E+04
  0.3648E+00  0.1619E+10  0.1619E+10  0.1619E+10  0.0000E+00  0.5575E+04
  0.3768E+00  0.1093E+10  0.1093E+10  0.1093E+10  0.0000E+00  0.3311E+04
  0.3888E+00  0.6959E+09  0.6959E+09  0.6959E+09  0.0000E+00  0.1917E+04
  0.4007E+00  0.4245E+09  0.4245E+09  0.4245E+09  0.0000E+00  0.1099E+04
  0.4127E+00  0.2481E+09  0.2481E+09  0.2481E+09  0.0000E+00  0.6174E+03
  0.4246E+00  0.1473E+09  0.1473E+09  0.1473E+09  0.0000E+00  0.3381E+03
  0.4366E+00  0.8760E+08  0.8760E+08  0.8760E+08  0.0000E+00  0.1935E+03
  0.4486E+00  0.5822E+08  0.5822E+08  0.5822E+08  0.0000E+00  0.1716E+03
  0.4605E+00  0.4271E+08  0.4271E+08  0.4271E+08  0.0000E+00  0.2329E+03
  0.4725E+00  0.2791E+08  0.2791E+08  0.2791E+08  0.0000E+00  0.3052E+03
  0.4844E+00  0.1613E+08  0.1613E+08  0.1613E+08  0.0000E+00  0.3924E+03
  0.4964E+00  0.7383E+07  0.7383E+07  0.7383E+07  0.0000E+00  0.5639E+03
  0.5084E+00  0.1735E+07  0.1735E+07  0.1734E+07  0.0000E+00  0.1004E+04
  0.5203E+00  0.2254E+06  0.2254E+06  0.2237E+06  0.0000E+00  0.1700E+04
  0.5323E+00  0.1457E+06  0.1457E+06  0.1438E+06  0.0000E+00  0.1904E+04
  0.5443E+00  0.3062E+06  0.3062E+06  0.3045E+06  0.0000E+00  0.1730E+04
  0.5562E+00  0.3935E+06  0.3935E+06  0.3918E+06  0.0000E+00  0.1745E+04
  0.5682E+00  0.4842E+06  0.4842E+06  0.4824E+06  0.0000E+00  0.1786E+04
  0.5801E+00  0.6607E+06  0.6607E+06  0.6589E+06  0.0000E+00  0.1784E+04
  0.5921E+00  0.8666E+06  0.8666E+06  0.8648E+06  0.0000E+00  0.1788E+04
  0.6041E+00  0.1123E+07  0.1123E+07  0.1122E+07  0.0000E+00  0.1664E+04
  0.6160E+00  0.1454E+07  0.1454E+07  0.1453E+07  0.0000E+00  0.1338E+04
  0.6280E+00  0.1854E+07  0.1854E+07  0.1853E+07  0.0000E+00  0.1214E+04
  0.6400E+00  0.2377E+07  0.2377E+07  0.2376E+07  0.0000E+00  0.1218E+04
  0.6519E+00  0.2971E+07  0.2971E+07  0.2970E+07  0.0000E+00  0.1224E+04
  0.6639E+00  0.3723E+07  0.3723E+07  0.3722E+07  0.0000E+00  0.1231E+04
  0.6758E+00  0.4578E+07  0.4578E+07  0.4577E+07  0.0000E+00  0.1237E+04
  0.6878E+00  0.5597E+07  0.5597E+07  0.5596E+07  0.0000E+00  0.1244E+04
  0.6998E+00  0.6738E+07  0.6738E+07  0.6737E+07  0.0000E+00  0.1251E+04
  0.7117E+00  0.8029E+07  0.8029E+07  0.8028E+07  0.0000E+00  0.1258E+04
  0.7237E+00  0.9415E+07  0.9415E+07  0.9414E+07  0.0000E+00  0.1266E+04
  0.7356E+00  0.1091E+08  0.1091E+08  0.1091E+08  0.0000E+00  0.1274E+04
  0.7476E+00  0.1240E+08  0.1240E+08  0.1240E+08  0.0000E+00  0.1281E+04
  0.7596E+00  0.1393E+08  0.1393E+08  0.1393E+08  0.0000E+00  0.1289E+04
  0.7715E+00  0.1529E+08  0.1529E+08  0.1528E+08  0.0000E+00  0.1298E+04
  0.7835E+00  0.1653E+08  0.1653E+08  0.1652E+08  0.0000E+00  0.1306E+04
  0.7955E+00  0.1745E+08  0.1745E+08  0.1745E+08  0.0000E+00  0.1315E+04
  0.8074E+00  0.1803E+08  0.1803E+08  0.1803E+08  0.0000E+00  0.1324E+04
  0.8194E+00  0.1819E+08  0.1819E+08  0.1819E+08  0.0000E+00  0.1333E+04
  0.8313E+00  0.1788E+08  0.1788E+08  0.1788E+08  0.0000E+00  0.1343E+04
  0.8433E+00  0.1710E+08  0.1710E+08  0.1710E+08  0.0000E+00  0.1353E+04
  0.8553E+00  0.1582E+08  0.1582E+08  0.1582E+08  0.0000E+00  0.1363E+04
  0.8672E+00  0.1421E+08  0.1421E+08  0.1421E+08  0.0000E+00  0.1373E+04
  0.8792E+00  0.1232E+08  0.1232E+08  0.1232E+08  0.0000E+00  0.1384E+04
  0.8911E+00  0.1028E+08  0.1028E+08  0.1027E+08  0.0000E+00  0.1395E+04
  0.9031E+00  0.8179E+07  0.8179E+07  0.8178E+07  0.0000E+00  0.1407E+04
  0.9151E+00  0.6255E+07  0.6255E+07  0.6254E+07  0.0000E+00  0.1419E+04
  0.9270E+00  0.4553E+07  0.4553E+07  0.4552E+07  0.0000E+00  0.1431E+04
  0.9390E+00  0.3140E+07  0.3140E+07  0.3138E+07  0.0000E+00  0.1443E+04
  0.9510E+00  0.2040E+07  0.2040E+07  0.2039E+07  0.0000E+00  0.1456E+04
  0.9629E+00  0.1243E+07  0.1243E+07  0.1241E+07  0.0000E+00  0.1470E+04
  0.9749E+00  0.7051E+06  0.7051E+06  0.7036E+06  0.0000E+00  0.1484E+04
  0.9868E+00  0.3705E+06  0.3705E+06  0.3690E+06  0.0000E+00  0.1498E+04
  0.9988E+00  0.1793E+06  0.1793E+06  0.1778E+06  0.0000E+00  0.1513E+04
  0.1011E+01  0.7991E+05  0.7991E+05  0.7838E+05  0.0000E+00  0.1528E+04
  0.1023E+01  0.3363E+05  0.3363E+05  0.3208E+05  0.0000E+00  0.1544E+04
  0.1035E+01  0.1523E+05  0.1523E+05  0.1367E+05  0.0000E+00  0.1560E+04
  0.1047E+01  0.1061E+05  0.1061E+05  0.9037E+04  0.0000E+00  0.1577E+04
  0.1059E+01  0.1335E+05  0.1335E+05  0.1176E+05  0.0000E+00  0.1594E+04
  0.1071E+01  0.2170E+05  0.2170E+05  0.2009E+05  0.0000E+00  0.1612E+04
  0.1083E+01  0.3685E+05  0.3685E+05  0.3521E+05  0.0000E+00  0.1631E+04
  0.1094E+01  0.6072E+05  0.6072E+05  0.5907E+05  0.0000E+00  0.1651E+04
  0.1106E+01  0.9514E+05  0.9514E+05  0.9347E+05  0.0000E+00  0.1670E+04
  0.1118E+01  0.1417E+06  0.1417E+06  0.1400E+06  0.0000E+00  0.1691E+04
  0.1130E+01  0.1980E+06  0.1980E+06  0.1963E+06  0.0000E+00  0.1713E+04
  0.1142E+01  0.2556E+06  0.2556E+06  0.2539E+06  0.0000E+00  0.1734E+04
  0.1154E+01  0.3055E+06  0.3055E+06  0.3037E+06  0.0000E+00  0.1758E+04
  0.1166E+01  0.3308E+06  0.3308E+06  0.3290E+06  0.0000E+00  0.1781E+04
  0.1178E+01  0.1833E+06  0.1833E+06  0.1823E+06  0.0000E+00  0.1004E+04
