 rho spower powden powden_e                            powden_i powden_cl
  0.5963E-02  0.0000E+00  0.0000E+00  0.0000E+00  0.0000E+00  0.0000E+00
  0.1789E-01  0.0000E+00  0.0000E+00  0.0000E+00  0.0000E+00  0.0000E+00
  0.2982E-01  0.0000E+00  0.0000E+00  0.0000E+00  0.0000E+00  0.0000E+00
  0.4174E-01  0.0000E+00  0.0000E+00  0.0000E+00  0.0000E+00  0.0000E+00
  0.5367E-01  0.0000E+00  0.0000E+00  0.0000E+00  0.0000E+00  0.0000E+00
  0.6560E-01  0.0000E+00  0.0000E+00  0.0000E+00  0.0000E+00  0.0000E+00
  0.7752E-01  0.0000E+00  0.0000E+00  0.0000E+00  0.0000E+00  0.0000E+00
  0.8945E-01  0.2416E+10  0.2416E+10  0.0000E+00  0.0000E+00  0.2416E+10
  0.1014E+00  0.2172E+10  0.2172E+10  0.0000E+00  0.0000E+00  0.2172E+10
  0.1133E+00  0.5917E+10  0.5917E+10  0.5699E-08  0.0000E+00  0.5917E+10
  0.1252E+00  0.9162E+10  0.9162E+10  0.3135E-08  0.0000E+00  0.9162E+10
  0.1372E+00  0.1461E+11  0.1461E+11  0.8238E-09  0.0000E+00  0.1461E+11
  0.1491E+00  0.1468E+11  0.1468E+11  0.1197E-03  0.0000E+00  0.1468E+11
  0.1610E+00  0.1438E+11  0.1438E+11  0.1767E-04  0.0000E+00  0.1438E+11
  0.1729E+00  0.1563E+11  0.1563E+11  0.1719E-09  0.0000E+00  0.1563E+11
  0.1849E+00  0.1505E+11  0.1505E+11  0.1595E-08  0.0000E+00  0.1505E+11
  0.1968E+00  0.1816E+11  0.1816E+11  0.7754E-04  0.0000E+00  0.1816E+11
  0.2087E+00  0.2636E+11  0.2636E+11  0.1058E-04  0.0000E+00  0.2636E+11
  0.2206E+00  0.2260E+11  0.2260E+11  0.8428E-05  0.0000E+00  0.2260E+11
  0.2326E+00  0.2465E+11  0.2465E+11  0.1011E-06  0.0000E+00  0.2465E+11
  0.2445E+00  0.2315E+11  0.2315E+11  0.6104E-04  0.0000E+00  0.2315E+11
  0.2564E+00  0.2393E+11  0.2393E+11  0.1095E-04  0.0000E+00  0.2393E+11
  0.2684E+00  0.2185E+11  0.2185E+11  0.2709E-05  0.0000E+00  0.2185E+11
  0.2803E+00  0.1951E+11  0.1951E+11  0.5054E-06  0.0000E+00  0.1951E+11
  0.2922E+00  0.1764E+11  0.1764E+11  0.4649E-11  0.0000E+00  0.1764E+11
  0.3041E+00  0.1474E+11  0.1474E+11  0.5273E-06  0.0000E+00  0.1474E+11
  0.3161E+00  0.1033E+11  0.1033E+11  0.9132E-04  0.0000E+00  0.1033E+11
  0.3280E+00  0.7843E+10  0.7843E+10  0.6789E-05  0.0000E+00  0.7843E+10
  0.3399E+00  0.5459E+10  0.5459E+10  0.7577E-05  0.0000E+00  0.5459E+10
  0.3518E+00  0.3265E+10  0.3265E+10  0.1632E-03  0.0000E+00  0.3265E+10
  0.3638E+00  0.1951E+10  0.1951E+10  0.2804E-04  0.0000E+00  0.1951E+10
  0.3757E+00  0.1384E+10  0.1384E+10  0.2388E-07  0.0000E+00  0.1384E+10
  0.3876E+00  0.7251E+09  0.7251E+09  0.2912E-12  0.0000E+00  0.7251E+09
  0.3995E+00  0.4093E+09  0.4093E+09  0.1936E-08  0.0000E+00  0.4093E+09
  0.4115E+00  0.2326E+09  0.2326E+09  0.3913E-04  0.0000E+00  0.2326E+09
  0.4234E+00  0.1283E+09  0.1283E+09  0.1428E-01  0.0000E+00  0.1283E+09
  0.4353E+00  0.7078E+08  0.7078E+08  0.1271E+00  0.0000E+00  0.7078E+08
  0.4473E+00  0.5911E+08  0.5911E+08  0.5209E-01  0.0000E+00  0.5911E+08
  0.4592E+00  0.7899E+08  0.7899E+08  0.4646E-03  0.0000E+00  0.7899E+08
  0.4711E+00  0.1034E+09  0.1034E+09  0.7389E-08  0.0000E+00  0.1034E+09
  0.4830E+00  0.1306E+09  0.1306E+09  0.3742E-10  0.0000E+00  0.1306E+09
  0.4950E+00  0.1820E+09  0.1820E+09  0.1985E-16  0.0000E+00  0.1820E+09
  0.5069E+00  0.3049E+09  0.3049E+09  0.1890E-23  0.0000E+00  0.3049E+09
  0.5188E+00  0.5424E+09  0.5424E+09  0.1208E-16  0.0000E+00  0.5424E+09
  0.5307E+00  0.6347E+09  0.6347E+09  0.1621E-16  0.0000E+00  0.6347E+09
  0.5427E+00  0.5684E+09  0.5684E+09  0.5397E-21  0.0000E+00  0.5684E+09
  0.5546E+00  0.5648E+09  0.5648E+09  0.4549E-12  0.0000E+00  0.5648E+09
  0.5665E+00  0.5774E+09  0.5774E+09  0.4590E-12  0.0000E+00  0.5774E+09
  0.5785E+00  0.5737E+09  0.5737E+09  0.1599E-17  0.0000E+00  0.5737E+09
  0.5904E+00  0.5711E+09  0.5711E+09  0.1360E-12  0.0000E+00  0.5711E+09
  0.6023E+00  0.5442E+09  0.5442E+09  0.1275E-11  0.0000E+00  0.5442E+09
  0.6142E+00  0.4357E+09  0.4357E+09  0.1611E-07  0.0000E+00  0.4357E+09
  0.6262E+00  0.3802E+09  0.3802E+09  0.4963E-07  0.0000E+00  0.3802E+09
  0.6381E+00  0.3798E+09  0.3798E+09  0.7680E-05  0.0000E+00  0.3798E+09
  0.6500E+00  0.3794E+09  0.3794E+09  0.2972E-06  0.0000E+00  0.3794E+09
  0.6619E+00  0.3790E+09  0.3790E+09  0.1474E-17  0.0000E+00  0.3790E+09
  0.6739E+00  0.3787E+09  0.3787E+09  0.3735E-13  0.0000E+00  0.3787E+09
  0.6858E+00  0.3783E+09  0.3783E+09  0.1554E-14  0.0000E+00  0.3783E+09
  0.6977E+00  0.3780E+09  0.3780E+09  0.8438E-10  0.0000E+00  0.3780E+09
  0.7096E+00  0.3776E+09  0.3776E+09  0.2324E-07  0.0000E+00  0.3776E+09
  0.7216E+00  0.3773E+09  0.3773E+09  0.2552E-09  0.0000E+00  0.3773E+09
  0.7335E+00  0.3770E+09  0.3770E+09  0.1282E-13  0.0000E+00  0.3770E+09
  0.7454E+00  0.3767E+09  0.3767E+09  0.1259E-07  0.0000E+00  0.3767E+09
  0.7574E+00  0.3765E+09  0.3765E+09  0.7609E-07  0.0000E+00  0.3765E+09
  0.7693E+00  0.3762E+09  0.3762E+09  0.4202E-08  0.0000E+00  0.3762E+09
  0.7812E+00  0.3759E+09  0.3759E+09  0.1538E-07  0.0000E+00  0.3759E+09
  0.7931E+00  0.3757E+09  0.3757E+09  0.1293E-12  0.0000E+00  0.3757E+09
  0.8051E+00  0.3755E+09  0.3755E+09  0.1056E-12  0.0000E+00  0.3755E+09
  0.8170E+00  0.3753E+09  0.3753E+09  0.6344E-08  0.0000E+00  0.3753E+09
  0.8289E+00  0.3751E+09  0.3751E+09  0.1514E-07  0.0000E+00  0.3751E+09
  0.8408E+00  0.3749E+09  0.3749E+09  0.9066E-13  0.0000E+00  0.3749E+09
  0.8528E+00  0.3747E+09  0.3747E+09  0.4223E-14  0.0000E+00  0.3747E+09
  0.8647E+00  0.3746E+09  0.3746E+09  0.1216E-07  0.0000E+00  0.3746E+09
  0.8766E+00  0.3744E+09  0.3744E+09  0.9875E-07  0.0000E+00  0.3744E+09
  0.8885E+00  0.3743E+09  0.3743E+09  0.2071E+01  0.0000E+00  0.3743E+09
  0.9005E+00  0.3742E+09  0.3742E+09  0.3003E+00  0.0000E+00  0.3742E+09
  0.9124E+00  0.3741E+09  0.3741E+09  0.2680E-15  0.0000E+00  0.3741E+09
  0.9243E+00  0.3740E+09  0.3740E+09  0.2517E-23  0.0000E+00  0.3740E+09
  0.9363E+00  0.3739E+09  0.3739E+09  0.2607E-36  0.0000E+00  0.3739E+09
  0.9482E+00  0.3739E+09  0.3739E+09  0.1083E-53  0.0000E+00  0.3739E+09
  0.9601E+00  0.3739E+09  0.3739E+09  0.1926E-19  0.0000E+00  0.3739E+09
  0.9720E+00  0.3738E+09  0.3738E+09  0.8054E-16  0.0000E+00  0.3738E+09
  0.9840E+00  0.3738E+09  0.3738E+09  0.4428E-21  0.0000E+00  0.3738E+09
  0.9959E+00  0.3738E+09  0.3738E+09  0.5951E-16  0.0000E+00  0.3738E+09
  0.1008E+01  0.3725E+09  0.3725E+09  0.2234E-16  0.0000E+00  0.3725E+09
  0.1020E+01  0.3704E+09  0.3704E+09  0.1779E-09  0.0000E+00  0.3704E+09
  0.1032E+01  0.3590E+09  0.3590E+09  0.4131E-08  0.0000E+00  0.3590E+09
  0.1044E+01  0.3565E+09  0.3565E+09  0.3785E-14  0.0000E+00  0.3565E+09
  0.1056E+01  0.3545E+09  0.3545E+09  0.1115E-22  0.0000E+00  0.3545E+09
  0.1067E+01  0.3525E+09  0.3525E+09  0.1444E-21  0.0000E+00  0.3525E+09
  0.1079E+01  0.3506E+09  0.3506E+09  0.2368E-21  0.0000E+00  0.3506E+09
  0.1091E+01  0.3487E+09  0.3487E+09  0.4038E-22  0.0000E+00  0.3487E+09
  0.1103E+01  0.3468E+09  0.3468E+09  0.2083E-14  0.0000E+00  0.3468E+09
  0.1115E+01  0.3449E+09  0.3449E+09  0.6936E-03  0.0000E+00  0.3449E+09
  0.1127E+01  0.3431E+09  0.3431E+09  0.7970E-03  0.0000E+00  0.3431E+09
  0.1139E+01  0.3429E+09  0.3429E+09  0.9194E-08  0.0000E+00  0.3429E+09
  0.1151E+01  0.3494E+09  0.3494E+09  0.8424E-17  0.0000E+00  0.3494E+09
  0.1163E+01  0.3474E+09  0.3474E+09  0.2636E-17  0.0000E+00  0.3474E+09
  0.1175E+01  0.3123E+09  0.3123E+09  0.1481E-25  0.0000E+00  0.3123E+09
  0.1187E+01  0.2742E+09  0.2742E+09  0.1850E-38  0.0000E+00  0.2742E+09
