 i rho powden spower powden_e powden_i powden_cl       curden_par curden_onetwo curden_tor cur_den_pol currden 
   0.596E-02   0.000E+00   0.000E+00   0.000E+00   0.000E+00   0.000E+00   0.000E+00   0.000E+00   0.000E+00   0.000E+00   0.000E+00
   0.179E-01   0.000E+00   0.000E+00   0.000E+00   0.000E+00   0.000E+00   0.000E+00   0.000E+00   0.000E+00   0.000E+00   0.000E+00
   0.298E-01   0.000E+00   0.000E+00   0.000E+00   0.000E+00   0.000E+00   0.000E+00   0.000E+00   0.000E+00   0.000E+00   0.000E+00
   0.417E-01   0.000E+00   0.000E+00   0.000E+00   0.000E+00   0.000E+00   0.000E+00   0.000E+00   0.000E+00   0.000E+00   0.000E+00
   0.537E-01   0.000E+00   0.000E+00   0.000E+00   0.000E+00   0.000E+00   0.000E+00   0.000E+00   0.000E+00   0.000E+00   0.000E+00
   0.656E-01   0.000E+00   0.000E+00   0.000E+00   0.000E+00   0.000E+00   0.000E+00   0.000E+00   0.000E+00   0.000E+00   0.000E+00
   0.775E-01   0.000E+00   0.000E+00   0.000E+00   0.000E+00   0.000E+00   0.000E+00   0.000E+00   0.000E+00   0.000E+00   0.000E+00
   0.895E-01   0.242E+10   0.242E+10   0.000E+00   0.000E+00   0.242E+10   0.000E+00   0.000E+00   0.000E+00   0.000E+00   0.000E+00
   0.101E+00   0.217E+10   0.217E+10   0.000E+00   0.000E+00   0.217E+10   0.000E+00   0.000E+00   0.000E+00   0.000E+00   0.000E+00
   0.113E+00   0.592E+10   0.592E+10   0.570E-08   0.000E+00   0.592E+10   0.000E+00   0.000E+00   0.000E+00   0.000E+00   0.000E+00
   0.125E+00   0.916E+10   0.916E+10   0.314E-08   0.000E+00   0.916E+10   0.000E+00   0.000E+00   0.000E+00   0.000E+00   0.000E+00
   0.137E+00   0.146E+11   0.146E+11   0.824E-09   0.000E+00   0.146E+11   0.000E+00   0.000E+00   0.000E+00   0.000E+00   0.000E+00
   0.149E+00   0.147E+11   0.147E+11   0.120E-03   0.000E+00   0.147E+11   0.000E+00   0.000E+00   0.000E+00   0.000E+00   0.000E+00
   0.161E+00   0.144E+11   0.144E+11   0.177E-04   0.000E+00   0.144E+11   0.000E+00   0.000E+00   0.000E+00   0.000E+00   0.000E+00
   0.173E+00   0.156E+11   0.156E+11   0.172E-09   0.000E+00   0.156E+11   0.000E+00   0.000E+00   0.000E+00   0.000E+00   0.000E+00
   0.185E+00   0.150E+11   0.150E+11   0.159E-08   0.000E+00   0.150E+11   0.000E+00   0.000E+00   0.000E+00   0.000E+00   0.000E+00
   0.197E+00   0.182E+11   0.182E+11   0.775E-04   0.000E+00   0.182E+11   0.000E+00   0.000E+00   0.000E+00   0.000E+00   0.000E+00
   0.209E+00   0.264E+11   0.264E+11   0.106E-04   0.000E+00   0.264E+11   0.000E+00   0.000E+00   0.000E+00   0.000E+00   0.000E+00
   0.221E+00   0.226E+11   0.226E+11   0.843E-05   0.000E+00   0.226E+11   0.000E+00   0.000E+00   0.000E+00   0.000E+00   0.000E+00
   0.233E+00   0.247E+11   0.247E+11   0.101E-06   0.000E+00   0.247E+11   0.000E+00   0.000E+00   0.000E+00   0.000E+00   0.000E+00
   0.244E+00   0.232E+11   0.232E+11   0.610E-04   0.000E+00   0.232E+11   0.000E+00   0.000E+00   0.000E+00   0.000E+00   0.000E+00
   0.256E+00   0.239E+11   0.239E+11   0.110E-04   0.000E+00   0.239E+11   0.000E+00   0.000E+00   0.000E+00   0.000E+00   0.000E+00
   0.268E+00   0.218E+11   0.218E+11   0.271E-05   0.000E+00   0.218E+11   0.000E+00   0.000E+00   0.000E+00   0.000E+00   0.000E+00
   0.280E+00   0.195E+11   0.195E+11   0.505E-06   0.000E+00   0.195E+11   0.000E+00   0.000E+00   0.000E+00   0.000E+00   0.000E+00
   0.292E+00   0.176E+11   0.176E+11   0.465E-11   0.000E+00   0.176E+11   0.000E+00   0.000E+00   0.000E+00   0.000E+00   0.000E+00
   0.304E+00   0.147E+11   0.147E+11   0.527E-06   0.000E+00   0.147E+11   0.000E+00   0.000E+00   0.000E+00   0.000E+00   0.000E+00
   0.316E+00   0.103E+11   0.103E+11   0.913E-04   0.000E+00   0.103E+11   0.000E+00   0.000E+00   0.000E+00   0.000E+00   0.000E+00
   0.328E+00   0.784E+10   0.784E+10   0.679E-05   0.000E+00   0.784E+10   0.000E+00   0.000E+00   0.000E+00   0.000E+00   0.000E+00
   0.340E+00   0.546E+10   0.546E+10   0.758E-05   0.000E+00   0.546E+10   0.000E+00   0.000E+00   0.000E+00   0.000E+00   0.000E+00
   0.352E+00   0.327E+10   0.327E+10   0.163E-03   0.000E+00   0.327E+10   0.000E+00   0.000E+00   0.000E+00   0.000E+00   0.000E+00
   0.364E+00   0.195E+10   0.195E+10   0.280E-04   0.000E+00   0.195E+10   0.000E+00   0.000E+00   0.000E+00   0.000E+00   0.000E+00
   0.376E+00   0.138E+10   0.138E+10   0.239E-07   0.000E+00   0.138E+10   0.000E+00   0.000E+00   0.000E+00   0.000E+00   0.000E+00
   0.388E+00   0.725E+09   0.725E+09   0.291E-12   0.000E+00   0.725E+09   0.000E+00   0.000E+00   0.000E+00   0.000E+00   0.000E+00
   0.400E+00   0.409E+09   0.409E+09   0.194E-08   0.000E+00   0.409E+09   0.000E+00   0.000E+00   0.000E+00   0.000E+00   0.000E+00
   0.411E+00   0.233E+09   0.233E+09   0.391E-04   0.000E+00   0.233E+09   0.000E+00   0.000E+00   0.000E+00   0.000E+00   0.000E+00
   0.423E+00   0.128E+09   0.128E+09   0.143E-01   0.000E+00   0.128E+09   0.000E+00   0.000E+00   0.000E+00   0.000E+00   0.000E+00
   0.435E+00   0.708E+08   0.708E+08   0.127E+00   0.000E+00   0.708E+08   0.000E+00   0.000E+00   0.000E+00   0.000E+00   0.000E+00
   0.447E+00   0.591E+08   0.591E+08   0.521E-01   0.000E+00   0.591E+08   0.000E+00   0.000E+00   0.000E+00   0.000E+00   0.000E+00
   0.459E+00   0.790E+08   0.790E+08   0.465E-03   0.000E+00   0.790E+08   0.000E+00   0.000E+00   0.000E+00   0.000E+00   0.000E+00
   0.471E+00   0.103E+09   0.103E+09   0.739E-08   0.000E+00   0.103E+09   0.000E+00   0.000E+00   0.000E+00   0.000E+00   0.000E+00
   0.483E+00   0.131E+09   0.131E+09   0.374E-10   0.000E+00   0.131E+09   0.000E+00   0.000E+00   0.000E+00   0.000E+00   0.000E+00
   0.495E+00   0.182E+09   0.182E+09   0.199E-16   0.000E+00   0.182E+09   0.000E+00   0.000E+00   0.000E+00   0.000E+00   0.000E+00
   0.507E+00   0.305E+09   0.305E+09   0.189E-23   0.000E+00   0.305E+09   0.000E+00   0.000E+00   0.000E+00   0.000E+00   0.000E+00
   0.519E+00   0.542E+09   0.542E+09   0.121E-16   0.000E+00   0.542E+09   0.000E+00   0.000E+00   0.000E+00   0.000E+00   0.000E+00
   0.531E+00   0.635E+09   0.635E+09   0.162E-16   0.000E+00   0.635E+09   0.000E+00   0.000E+00   0.000E+00   0.000E+00   0.000E+00
   0.543E+00   0.568E+09   0.568E+09   0.540E-21   0.000E+00   0.568E+09   0.000E+00   0.000E+00   0.000E+00   0.000E+00   0.000E+00
   0.555E+00   0.565E+09   0.565E+09   0.455E-12   0.000E+00   0.565E+09   0.000E+00   0.000E+00   0.000E+00   0.000E+00   0.000E+00
   0.567E+00   0.577E+09   0.577E+09   0.459E-12   0.000E+00   0.577E+09   0.000E+00   0.000E+00   0.000E+00   0.000E+00   0.000E+00
   0.578E+00   0.574E+09   0.574E+09   0.160E-17   0.000E+00   0.574E+09   0.000E+00   0.000E+00   0.000E+00   0.000E+00   0.000E+00
   0.590E+00   0.571E+09   0.571E+09   0.136E-12   0.000E+00   0.571E+09   0.000E+00   0.000E+00   0.000E+00   0.000E+00   0.000E+00
   0.602E+00   0.544E+09   0.544E+09   0.128E-11   0.000E+00   0.544E+09   0.000E+00   0.000E+00   0.000E+00   0.000E+00   0.000E+00
   0.614E+00   0.436E+09   0.436E+09   0.161E-07   0.000E+00   0.436E+09   0.000E+00   0.000E+00   0.000E+00   0.000E+00   0.000E+00
   0.626E+00   0.380E+09   0.380E+09   0.496E-07   0.000E+00   0.380E+09   0.000E+00   0.000E+00   0.000E+00   0.000E+00   0.000E+00
   0.638E+00   0.380E+09   0.380E+09   0.768E-05   0.000E+00   0.380E+09   0.000E+00   0.000E+00   0.000E+00   0.000E+00   0.000E+00
   0.650E+00   0.379E+09   0.379E+09   0.297E-06   0.000E+00   0.379E+09   0.000E+00   0.000E+00   0.000E+00   0.000E+00   0.000E+00
   0.662E+00   0.379E+09   0.379E+09   0.147E-17   0.000E+00   0.379E+09   0.000E+00   0.000E+00   0.000E+00   0.000E+00   0.000E+00
   0.674E+00   0.379E+09   0.379E+09   0.374E-13   0.000E+00   0.379E+09   0.000E+00   0.000E+00   0.000E+00   0.000E+00   0.000E+00
   0.686E+00   0.378E+09   0.378E+09   0.155E-14   0.000E+00   0.378E+09   0.000E+00   0.000E+00   0.000E+00   0.000E+00   0.000E+00
   0.698E+00   0.378E+09   0.378E+09   0.844E-10   0.000E+00   0.378E+09   0.000E+00   0.000E+00   0.000E+00   0.000E+00   0.000E+00
   0.710E+00   0.378E+09   0.378E+09   0.232E-07   0.000E+00   0.378E+09   0.000E+00   0.000E+00   0.000E+00   0.000E+00   0.000E+00
   0.722E+00   0.377E+09   0.377E+09   0.255E-09   0.000E+00   0.377E+09   0.000E+00   0.000E+00   0.000E+00   0.000E+00   0.000E+00
   0.733E+00   0.377E+09   0.377E+09   0.128E-13   0.000E+00   0.377E+09   0.000E+00   0.000E+00   0.000E+00   0.000E+00   0.000E+00
   0.745E+00   0.377E+09   0.377E+09   0.126E-07   0.000E+00   0.377E+09   0.000E+00   0.000E+00   0.000E+00   0.000E+00   0.000E+00
   0.757E+00   0.376E+09   0.376E+09   0.761E-07   0.000E+00   0.376E+09   0.000E+00   0.000E+00   0.000E+00   0.000E+00   0.000E+00
   0.769E+00   0.376E+09   0.376E+09   0.420E-08   0.000E+00   0.376E+09   0.000E+00   0.000E+00   0.000E+00   0.000E+00   0.000E+00
   0.781E+00   0.376E+09   0.376E+09   0.154E-07   0.000E+00   0.376E+09   0.000E+00   0.000E+00   0.000E+00   0.000E+00   0.000E+00
   0.793E+00   0.376E+09   0.376E+09   0.129E-12   0.000E+00   0.376E+09   0.000E+00   0.000E+00   0.000E+00   0.000E+00   0.000E+00
   0.805E+00   0.375E+09   0.375E+09   0.106E-12   0.000E+00   0.375E+09   0.000E+00   0.000E+00   0.000E+00   0.000E+00   0.000E+00
   0.817E+00   0.375E+09   0.375E+09   0.634E-08   0.000E+00   0.375E+09   0.000E+00   0.000E+00   0.000E+00   0.000E+00   0.000E+00
   0.829E+00   0.375E+09   0.375E+09   0.151E-07   0.000E+00   0.375E+09   0.000E+00   0.000E+00   0.000E+00   0.000E+00   0.000E+00
   0.841E+00   0.375E+09   0.375E+09   0.907E-13   0.000E+00   0.375E+09   0.000E+00   0.000E+00   0.000E+00   0.000E+00   0.000E+00
   0.853E+00   0.375E+09   0.375E+09   0.422E-14   0.000E+00   0.375E+09   0.000E+00   0.000E+00   0.000E+00   0.000E+00   0.000E+00
   0.865E+00   0.375E+09   0.375E+09   0.122E-07   0.000E+00   0.375E+09   0.000E+00   0.000E+00   0.000E+00   0.000E+00   0.000E+00
   0.877E+00   0.374E+09   0.374E+09   0.987E-07   0.000E+00   0.374E+09   0.000E+00   0.000E+00   0.000E+00   0.000E+00   0.000E+00
   0.889E+00   0.374E+09   0.374E+09   0.207E+01   0.000E+00   0.374E+09   0.000E+00   0.000E+00   0.000E+00   0.000E+00   0.000E+00
   0.900E+00   0.374E+09   0.374E+09   0.300E+00   0.000E+00   0.374E+09   0.000E+00   0.000E+00   0.000E+00   0.000E+00   0.000E+00
   0.912E+00   0.374E+09   0.374E+09   0.268E-15   0.000E+00   0.374E+09   0.000E+00   0.000E+00   0.000E+00   0.000E+00   0.000E+00
   0.924E+00   0.374E+09   0.374E+09   0.252E-23   0.000E+00   0.374E+09   0.000E+00   0.000E+00   0.000E+00   0.000E+00   0.000E+00
   0.936E+00   0.374E+09   0.374E+09   0.261E-36   0.000E+00   0.374E+09   0.000E+00   0.000E+00   0.000E+00   0.000E+00   0.000E+00
   0.948E+00   0.374E+09   0.374E+09   0.108E-53   0.000E+00   0.374E+09   0.000E+00   0.000E+00   0.000E+00   0.000E+00   0.000E+00
   0.960E+00   0.374E+09   0.374E+09   0.193E-19   0.000E+00   0.374E+09   0.000E+00   0.000E+00   0.000E+00   0.000E+00   0.000E+00
   0.972E+00   0.374E+09   0.374E+09   0.805E-16   0.000E+00   0.374E+09   0.000E+00   0.000E+00   0.000E+00   0.000E+00   0.000E+00
   0.984E+00   0.374E+09   0.374E+09   0.443E-21   0.000E+00   0.374E+09   0.000E+00   0.000E+00   0.000E+00   0.000E+00   0.000E+00
   0.996E+00   0.374E+09   0.374E+09   0.595E-16   0.000E+00   0.374E+09   0.000E+00   0.000E+00   0.000E+00   0.000E+00   0.000E+00
   0.101E+01   0.372E+09   0.372E+09   0.223E-16   0.000E+00   0.372E+09   0.000E+00   0.000E+00   0.000E+00   0.000E+00   0.000E+00
   0.102E+01   0.370E+09   0.370E+09   0.178E-09   0.000E+00   0.370E+09   0.000E+00   0.000E+00   0.000E+00   0.000E+00   0.000E+00
   0.103E+01   0.359E+09   0.359E+09   0.413E-08   0.000E+00   0.359E+09   0.000E+00   0.000E+00   0.000E+00   0.000E+00   0.000E+00
   0.104E+01   0.357E+09   0.357E+09   0.379E-14   0.000E+00   0.357E+09   0.000E+00   0.000E+00   0.000E+00   0.000E+00   0.000E+00
   0.106E+01   0.355E+09   0.355E+09   0.112E-22   0.000E+00   0.355E+09   0.000E+00   0.000E+00   0.000E+00   0.000E+00   0.000E+00
   0.107E+01   0.353E+09   0.353E+09   0.144E-21   0.000E+00   0.353E+09   0.000E+00   0.000E+00   0.000E+00   0.000E+00   0.000E+00
   0.108E+01   0.351E+09   0.351E+09   0.237E-21   0.000E+00   0.351E+09   0.000E+00   0.000E+00   0.000E+00   0.000E+00   0.000E+00
   0.109E+01   0.349E+09   0.349E+09   0.404E-22   0.000E+00   0.349E+09   0.000E+00   0.000E+00   0.000E+00   0.000E+00   0.000E+00
   0.110E+01   0.347E+09   0.347E+09   0.208E-14   0.000E+00   0.347E+09   0.000E+00   0.000E+00   0.000E+00   0.000E+00   0.000E+00
   0.112E+01   0.345E+09   0.345E+09   0.694E-03   0.000E+00   0.345E+09   0.000E+00   0.000E+00   0.000E+00   0.000E+00   0.000E+00
   0.113E+01   0.343E+09   0.343E+09   0.797E-03   0.000E+00   0.343E+09   0.000E+00   0.000E+00   0.000E+00   0.000E+00   0.000E+00
   0.114E+01   0.343E+09   0.343E+09   0.919E-08   0.000E+00   0.343E+09   0.000E+00   0.000E+00   0.000E+00   0.000E+00   0.000E+00
   0.115E+01   0.349E+09   0.349E+09   0.842E-17   0.000E+00   0.349E+09   0.000E+00   0.000E+00   0.000E+00   0.000E+00   0.000E+00
   0.116E+01   0.347E+09   0.347E+09   0.264E-17   0.000E+00   0.347E+09   0.000E+00   0.000E+00   0.000E+00   0.000E+00   0.000E+00
   0.117E+01   0.312E+09   0.312E+09   0.148E-25   0.000E+00   0.312E+09   0.000E+00   0.000E+00   0.000E+00   0.000E+00   0.000E+00
   0.119E+01   0.274E+09   0.274E+09   0.185E-38   0.000E+00   0.274E+09   0.000E+00   0.000E+00   0.000E+00   0.000E+00   0.000E+00
