 rho spower powden powden_e                            powden_i powden_cl
  0.1931E-01  0.0000E+00  0.0000E+00  0.0000E+00  0.0000E+00  0.0000E+00
  0.5792E-01  0.0000E+00  0.0000E+00  0.0000E+00  0.0000E+00  0.0000E+00
  0.9654E-01  0.0000E+00  0.0000E+00  0.0000E+00  0.0000E+00  0.0000E+00
  0.1352E+00  0.0000E+00  0.0000E+00  0.0000E+00  0.0000E+00  0.0000E+00
  0.1738E+00  0.0000E+00  0.0000E+00  0.0000E+00  0.0000E+00  0.0000E+00
  0.2124E+00  0.0000E+00  0.0000E+00  0.0000E+00  0.0000E+00  0.0000E+00
  0.2510E+00  0.0000E+00  0.0000E+00  0.0000E+00  0.0000E+00  0.0000E+00
  0.2896E+00  0.0000E+00  0.0000E+00  0.0000E+00  0.0000E+00  0.0000E+00
  0.3282E+00  0.0000E+00  0.0000E+00  0.0000E+00  0.0000E+00  0.0000E+00
  0.3669E+00  0.0000E+00  0.0000E+00  0.0000E+00  0.0000E+00  0.0000E+00
  0.4055E+00  0.0000E+00  0.0000E+00  0.0000E+00  0.0000E+00  0.0000E+00
  0.4441E+00  0.4098E+09  0.2565E+06  0.2565E+06  0.0000E+00  0.0000E+00
  0.4827E+00  0.3103E+12  0.1784E+09  0.1784E+09  0.0000E+00  0.0000E+00
  0.5213E+00  0.6811E+12  0.3616E+09  0.3616E+09  0.0000E+00  0.0000E+00
  0.5599E+00  0.2050E+12  0.1012E+09  0.1012E+09  0.0000E+00  0.0000E+00
  0.5986E+00  0.8001E+12  0.3685E+09  0.3685E+09  0.0000E+00  0.0000E+00
  0.6372E+00  0.1317E+12  0.5690E+08  0.5690E+08  0.0000E+00  0.0000E+00
  0.6758E+00  0.3225E+13  0.1312E+10  0.1312E+10  0.0000E+00  0.0000E+00
  0.7144E+00  0.2508E+13  0.9617E+09  0.9617E+09  0.0000E+00  0.0000E+00
  0.7530E+00  0.5937E+11  0.2153E+08  0.2153E+08  0.0000E+00  0.0000E+00
  0.7916E+00  0.7224E+12  0.2487E+09  0.2487E+09  0.0000E+00  0.0000E+00
  0.8303E+00  0.6562E+12  0.2146E+09  0.2146E+09  0.0000E+00  0.0000E+00
  0.8689E+00  0.6815E+12  0.2124E+09  0.2124E+09  0.0000E+00  0.0000E+00
  0.9075E+00  0.1077E+11  0.3204E+07  0.3204E+07  0.0000E+00  0.0000E+00
  0.9461E+00  0.3252E+06  0.9239E+02  0.9239E+02  0.0000E+00  0.0000E+00
  0.9847E+00  0.1954E-01  0.5323E-05  0.5323E-05  0.0000E+00  0.0000E+00
  0.1023E+01  0.0000E+00  0.0000E+00  0.0000E+00  0.0000E+00  0.0000E+00
  0.1062E+01  0.0000E+00  0.0000E+00  0.0000E+00  0.0000E+00  0.0000E+00
  0.1101E+01  0.0000E+00  0.0000E+00  0.0000E+00  0.0000E+00  0.0000E+00
  0.1139E+01  0.0000E+00  0.0000E+00  0.0000E+00  0.0000E+00  0.0000E+00
  0.1178E+01  0.0000E+00  0.0000E+00  0.0000E+00  0.0000E+00  0.0000E+00
  0.1216E+01  0.0000E+00  0.0000E+00  0.0000E+00  0.0000E+00  0.0000E+00
  0.1255E+01  0.0000E+00  0.0000E+00  0.0000E+00  0.0000E+00  0.0000E+00
  0.1294E+01  0.0000E+00  0.0000E+00  0.0000E+00  0.0000E+00  0.0000E+00
  0.1332E+01  0.0000E+00  0.0000E+00  0.0000E+00  0.0000E+00  0.0000E+00
  0.1371E+01  0.0000E+00  0.0000E+00  0.0000E+00  0.0000E+00  0.0000E+00
  0.1410E+01  0.0000E+00  0.0000E+00  0.0000E+00  0.0000E+00  0.0000E+00
  0.1448E+01  0.0000E+00 -0.0000E+00 -0.0000E+00 -0.0000E+00 -0.0000E+00
  0.1487E+01  0.0000E+00 -0.0000E+00 -0.0000E+00 -0.0000E+00 -0.0000E+00
  0.1525E+01  0.0000E+00 -0.0000E+00 -0.0000E+00 -0.0000E+00 -0.0000E+00
  0.1564E+01  0.0000E+00 -0.0000E+00 -0.0000E+00 -0.0000E+00 -0.0000E+00
  0.1603E+01  0.0000E+00  0.0000E+00  0.0000E+00  0.0000E+00  0.0000E+00
  0.1641E+01  0.0000E+00  0.0000E+00  0.0000E+00  0.0000E+00  0.0000E+00
  0.1680E+01  0.0000E+00  0.0000E+00  0.0000E+00  0.0000E+00  0.0000E+00
  0.1718E+01  0.0000E+00  0.0000E+00  0.0000E+00  0.0000E+00  0.0000E+00
  0.1757E+01  0.0000E+00  0.0000E+00  0.0000E+00  0.0000E+00  0.0000E+00
  0.1796E+01  0.0000E+00  0.0000E+00  0.0000E+00  0.0000E+00  0.0000E+00
  0.1834E+01  0.0000E+00  0.0000E+00  0.0000E+00  0.0000E+00  0.0000E+00
  0.1873E+01  0.0000E+00  0.0000E+00  0.0000E+00  0.0000E+00  0.0000E+00
  0.1912E+01  0.0000E+00  0.0000E+00  0.0000E+00  0.0000E+00  0.0000E+00
  0.1950E+01  0.0000E+00  0.0000E+00  0.0000E+00  0.0000E+00  0.0000E+00
  0.1989E+01  0.0000E+00  0.0000E+00  0.0000E+00  0.0000E+00  0.0000E+00
  0.2027E+01  0.0000E+00  0.0000E+00  0.0000E+00  0.0000E+00  0.0000E+00
  0.2066E+01  0.0000E+00  0.0000E+00  0.0000E+00  0.0000E+00  0.0000E+00
  0.2105E+01  0.0000E+00  0.0000E+00  0.0000E+00  0.0000E+00  0.0000E+00
  0.2143E+01  0.0000E+00  0.0000E+00  0.0000E+00  0.0000E+00  0.0000E+00
  0.2182E+01  0.0000E+00  0.0000E+00  0.0000E+00  0.0000E+00  0.0000E+00
  0.2220E+01  0.0000E+00  0.0000E+00  0.0000E+00  0.0000E+00  0.0000E+00
  0.2259E+01  0.0000E+00  0.0000E+00  0.0000E+00  0.0000E+00  0.0000E+00
  0.2298E+01  0.0000E+00  0.0000E+00  0.0000E+00  0.0000E+00  0.0000E+00
  0.2336E+01  0.0000E+00  0.0000E+00  0.0000E+00  0.0000E+00  0.0000E+00
  0.2375E+01  0.0000E+00  0.0000E+00  0.0000E+00  0.0000E+00  0.0000E+00
  0.2414E+01  0.0000E+00  0.0000E+00  0.0000E+00  0.0000E+00  0.0000E+00
  0.2452E+01  0.0000E+00  0.0000E+00  0.0000E+00  0.0000E+00  0.0000E+00
  0.2491E+01  0.0000E+00  0.0000E+00  0.0000E+00  0.0000E+00  0.0000E+00
  0.2529E+01  0.0000E+00  0.0000E+00  0.0000E+00  0.0000E+00  0.0000E+00
  0.2568E+01  0.0000E+00  0.0000E+00  0.0000E+00  0.0000E+00  0.0000E+00
  0.2607E+01  0.0000E+00  0.0000E+00  0.0000E+00  0.0000E+00  0.0000E+00
  0.2645E+01  0.0000E+00  0.0000E+00  0.0000E+00  0.0000E+00  0.0000E+00
  0.2684E+01  0.0000E+00  0.0000E+00  0.0000E+00  0.0000E+00  0.0000E+00
  0.2722E+01  0.0000E+00  0.0000E+00  0.0000E+00  0.0000E+00  0.0000E+00
  0.2761E+01  0.0000E+00  0.0000E+00  0.0000E+00  0.0000E+00  0.0000E+00
  0.2800E+01  0.0000E+00  0.0000E+00  0.0000E+00  0.0000E+00  0.0000E+00
  0.2838E+01  0.0000E+00  0.0000E+00  0.0000E+00  0.0000E+00  0.0000E+00
  0.2877E+01  0.0000E+00  0.0000E+00  0.0000E+00  0.0000E+00  0.0000E+00
  0.2916E+01  0.0000E+00  0.0000E+00  0.0000E+00  0.0000E+00  0.0000E+00
  0.2954E+01  0.0000E+00  0.0000E+00  0.0000E+00  0.0000E+00  0.0000E+00
  0.2993E+01  0.0000E+00  0.0000E+00  0.0000E+00  0.0000E+00  0.0000E+00
  0.3031E+01  0.0000E+00  0.0000E+00  0.0000E+00  0.0000E+00  0.0000E+00
  0.3070E+01  0.0000E+00  0.0000E+00  0.0000E+00  0.0000E+00  0.0000E+00
  0.3109E+01  0.0000E+00  0.0000E+00  0.0000E+00  0.0000E+00  0.0000E+00
  0.3147E+01  0.0000E+00  0.0000E+00  0.0000E+00  0.0000E+00  0.0000E+00
  0.3186E+01  0.0000E+00  0.0000E+00  0.0000E+00  0.0000E+00  0.0000E+00
  0.3224E+01  0.0000E+00  0.0000E+00  0.0000E+00  0.0000E+00  0.0000E+00
  0.3263E+01  0.0000E+00 -0.0000E+00 -0.0000E+00 -0.0000E+00 -0.0000E+00
  0.3302E+01  0.0000E+00  0.0000E+00  0.0000E+00  0.0000E+00  0.0000E+00
  0.3340E+01  0.0000E+00  0.0000E+00  0.0000E+00  0.0000E+00  0.0000E+00
  0.3379E+01  0.0000E+00 -0.0000E+00 -0.0000E+00 -0.0000E+00 -0.0000E+00
  0.3418E+01  0.0000E+00  0.0000E+00  0.0000E+00  0.0000E+00  0.0000E+00
  0.3456E+01  0.0000E+00  0.0000E+00  0.0000E+00  0.0000E+00  0.0000E+00
  0.3495E+01  0.0000E+00  0.0000E+00  0.0000E+00  0.0000E+00  0.0000E+00
  0.3533E+01  0.0000E+00 -0.0000E+00 -0.0000E+00 -0.0000E+00 -0.0000E+00
  0.3572E+01  0.0000E+00  0.0000E+00  0.0000E+00  0.0000E+00  0.0000E+00
  0.3611E+01  0.0000E+00  0.0000E+00  0.0000E+00  0.0000E+00  0.0000E+00
  0.3649E+01  0.0000E+00  0.0000E+00  0.0000E+00  0.0000E+00  0.0000E+00
  0.3688E+01  0.0000E+00  0.0000E+00  0.0000E+00  0.0000E+00  0.0000E+00
  0.3727E+01  0.0000E+00 -0.0000E+00 -0.0000E+00 -0.0000E+00 -0.0000E+00
  0.3765E+01  0.0000E+00  0.0000E+00  0.0000E+00  0.0000E+00  0.0000E+00
  0.3804E+01  0.0000E+00  0.0000E+00  0.0000E+00  0.0000E+00  0.0000E+00
  0.3842E+01  0.0000E+00  0.0000E+00  0.0000E+00  0.0000E+00  0.0000E+00
  0.3881E+01  0.0000E+00  0.0000E+00  0.0000E+00  0.0000E+00  0.0000E+00
  0.3920E+01  0.0000E+00  0.0000E+00  0.0000E+00  0.0000E+00  0.0000E+00
  0.3958E+01  0.0000E+00  0.0000E+00  0.0000E+00  0.0000E+00  0.0000E+00
  0.3997E+01  0.0000E+00  0.0000E+00  0.0000E+00  0.0000E+00  0.0000E+00
  0.4035E+01  0.0000E+00  0.0000E+00  0.0000E+00  0.0000E+00  0.0000E+00
  0.4074E+01  0.0000E+00  0.0000E+00  0.0000E+00  0.0000E+00  0.0000E+00
  0.4113E+01  0.0000E+00  0.0000E+00  0.0000E+00  0.0000E+00  0.0000E+00
  0.4151E+01  0.0000E+00  0.0000E+00  0.0000E+00  0.0000E+00  0.0000E+00
  0.4190E+01  0.0000E+00  0.0000E+00  0.0000E+00  0.0000E+00  0.0000E+00
  0.4229E+01  0.0000E+00  0.0000E+00  0.0000E+00  0.0000E+00  0.0000E+00
  0.4267E+01  0.0000E+00  0.0000E+00  0.0000E+00  0.0000E+00  0.0000E+00
  0.4306E+01  0.0000E+00  0.0000E+00  0.0000E+00  0.0000E+00  0.0000E+00
  0.4344E+01  0.0000E+00  0.0000E+00  0.0000E+00  0.0000E+00  0.0000E+00
  0.4383E+01  0.0000E+00  0.0000E+00  0.0000E+00  0.0000E+00  0.0000E+00
  0.4422E+01  0.0000E+00  0.0000E+00  0.0000E+00  0.0000E+00  0.0000E+00
  0.4460E+01  0.0000E+00  0.0000E+00  0.0000E+00  0.0000E+00  0.0000E+00
  0.4499E+01  0.0000E+00  0.0000E+00  0.0000E+00  0.0000E+00  0.0000E+00
  0.4537E+01  0.0000E+00  0.0000E+00  0.0000E+00  0.0000E+00  0.0000E+00
  0.4576E+01  0.0000E+00  0.0000E+00  0.0000E+00  0.0000E+00  0.0000E+00
  0.4615E+01  0.0000E+00  0.0000E+00  0.0000E+00  0.0000E+00  0.0000E+00
  0.4653E+01  0.0000E+00  0.0000E+00  0.0000E+00  0.0000E+00  0.0000E+00
  0.4692E+01  0.0000E+00  0.0000E+00  0.0000E+00  0.0000E+00  0.0000E+00
  0.4731E+01  0.0000E+00  0.0000E+00  0.0000E+00  0.0000E+00  0.0000E+00
  0.4769E+01  0.0000E+00  0.0000E+00  0.0000E+00  0.0000E+00  0.0000E+00
  0.4808E+01  0.0000E+00  0.0000E+00  0.0000E+00  0.0000E+00  0.0000E+00
  0.4846E+01  0.0000E+00  0.0000E+00  0.0000E+00  0.0000E+00  0.0000E+00
  0.4885E+01  0.0000E+00  0.0000E+00  0.0000E+00  0.0000E+00  0.0000E+00
  0.4924E+01  0.0000E+00 -0.0000E+00 -0.0000E+00 -0.0000E+00 -0.0000E+00
  0.4962E+01  0.0000E+00 -0.0000E+00 -0.0000E+00 -0.0000E+00 -0.0000E+00
  0.5001E+01  0.0000E+00 -0.0000E+00 -0.0000E+00 -0.0000E+00 -0.0000E+00
  0.5039E+01  0.0000E+00  0.0000E+00  0.0000E+00  0.0000E+00  0.0000E+00
  0.5078E+01  0.0000E+00 -0.0000E+00 -0.0000E+00 -0.0000E+00 -0.0000E+00
  0.5117E+01  0.0000E+00 -0.0000E+00 -0.0000E+00 -0.0000E+00 -0.0000E+00
  0.5155E+01  0.0000E+00  0.0000E+00  0.0000E+00  0.0000E+00  0.0000E+00
  0.5194E+01  0.0000E+00 -0.0000E+00 -0.0000E+00 -0.0000E+00 -0.0000E+00
  0.5233E+01  0.0000E+00 -0.0000E+00 -0.0000E+00 -0.0000E+00 -0.0000E+00
  0.5271E+01  0.0000E+00 -0.0000E+00 -0.0000E+00 -0.0000E+00 -0.0000E+00
  0.5310E+01  0.0000E+00  0.0000E+00  0.0000E+00  0.0000E+00  0.0000E+00
  0.5348E+01  0.0000E+00 -0.0000E+00 -0.0000E+00 -0.0000E+00 -0.0000E+00
  0.5387E+01  0.0000E+00 -0.0000E+00 -0.0000E+00 -0.0000E+00 -0.0000E+00
  0.5426E+01  0.0000E+00  0.0000E+00  0.0000E+00  0.0000E+00  0.0000E+00
  0.5464E+01  0.0000E+00 -0.0000E+00 -0.0000E+00 -0.0000E+00 -0.0000E+00
  0.5503E+01  0.0000E+00 -0.0000E+00 -0.0000E+00 -0.0000E+00 -0.0000E+00
  0.5541E+01  0.0000E+00  0.0000E+00  0.0000E+00  0.0000E+00  0.0000E+00
  0.5580E+01  0.0000E+00 -0.0000E+00 -0.0000E+00 -0.0000E+00 -0.0000E+00
  0.5619E+01  0.0000E+00 -0.0000E+00 -0.0000E+00 -0.0000E+00 -0.0000E+00
  0.5657E+01  0.0000E+00  0.0000E+00  0.0000E+00  0.0000E+00  0.0000E+00
  0.5696E+01  0.0000E+00 -0.0000E+00 -0.0000E+00 -0.0000E+00 -0.0000E+00
  0.5735E+01  0.0000E+00 -0.0000E+00 -0.0000E+00 -0.0000E+00 -0.0000E+00
  0.5773E+01  0.0000E+00  0.0000E+00  0.0000E+00  0.0000E+00  0.0000E+00
  0.5812E+01  0.0000E+00 -0.0000E+00 -0.0000E+00 -0.0000E+00 -0.0000E+00
  0.5850E+01  0.0000E+00  0.0000E+00  0.0000E+00  0.0000E+00  0.0000E+00
  0.5889E+01  0.0000E+00 -0.0000E+00 -0.0000E+00 -0.0000E+00 -0.0000E+00
  0.5928E+01  0.0000E+00 -0.0000E+00 -0.0000E+00 -0.0000E+00 -0.0000E+00
  0.5966E+01  0.0000E+00  0.0000E+00  0.0000E+00  0.0000E+00  0.0000E+00
  0.6005E+01  0.0000E+00 -0.0000E+00 -0.0000E+00 -0.0000E+00 -0.0000E+00
  0.6044E+01  0.0000E+00  0.0000E+00  0.0000E+00  0.0000E+00  0.0000E+00
  0.6082E+01  0.0000E+00 -0.0000E+00 -0.0000E+00 -0.0000E+00 -0.0000E+00
  0.6121E+01  0.0000E+00 -0.0000E+00 -0.0000E+00 -0.0000E+00 -0.0000E+00
  0.6159E+01  0.0000E+00  0.0000E+00  0.0000E+00  0.0000E+00  0.0000E+00
  0.6198E+01  0.0000E+00 -0.0000E+00 -0.0000E+00 -0.0000E+00 -0.0000E+00
  0.6237E+01  0.0000E+00  0.0000E+00  0.0000E+00  0.0000E+00  0.0000E+00
  0.6275E+01  0.0000E+00 -0.0000E+00 -0.0000E+00 -0.0000E+00 -0.0000E+00
  0.6314E+01  0.0000E+00  0.0000E+00  0.0000E+00  0.0000E+00  0.0000E+00
  0.6352E+01  0.0000E+00 -0.0000E+00 -0.0000E+00 -0.0000E+00 -0.0000E+00
  0.6391E+01  0.0000E+00 -0.0000E+00 -0.0000E+00 -0.0000E+00 -0.0000E+00
  0.6430E+01  0.0000E+00  0.0000E+00  0.0000E+00  0.0000E+00  0.0000E+00
  0.6468E+01  0.0000E+00 -0.0000E+00 -0.0000E+00 -0.0000E+00 -0.0000E+00
  0.6507E+01  0.0000E+00  0.0000E+00  0.0000E+00  0.0000E+00  0.0000E+00
  0.6546E+01  0.0000E+00 -0.0000E+00 -0.0000E+00 -0.0000E+00 -0.0000E+00
  0.6584E+01  0.0000E+00  0.0000E+00  0.0000E+00  0.0000E+00  0.0000E+00
  0.6623E+01  0.0000E+00 -0.0000E+00 -0.0000E+00 -0.0000E+00 -0.0000E+00
  0.6661E+01  0.0000E+00  0.0000E+00  0.0000E+00  0.0000E+00  0.0000E+00
  0.6700E+01  0.0000E+00 -0.0000E+00 -0.0000E+00 -0.0000E+00 -0.0000E+00
  0.6739E+01  0.0000E+00  0.0000E+00  0.0000E+00  0.0000E+00  0.0000E+00
  0.6777E+01  0.0000E+00 -0.0000E+00 -0.0000E+00 -0.0000E+00 -0.0000E+00
  0.6816E+01  0.0000E+00  0.0000E+00  0.0000E+00  0.0000E+00  0.0000E+00
  0.6854E+01  0.0000E+00 -0.0000E+00 -0.0000E+00 -0.0000E+00 -0.0000E+00
  0.6893E+01  0.0000E+00  0.0000E+00  0.0000E+00  0.0000E+00  0.0000E+00
  0.6932E+01  0.0000E+00 -0.0000E+00 -0.0000E+00 -0.0000E+00 -0.0000E+00
  0.6970E+01  0.0000E+00  0.0000E+00  0.0000E+00  0.0000E+00  0.0000E+00
  0.7009E+01  0.0000E+00 -0.0000E+00 -0.0000E+00 -0.0000E+00 -0.0000E+00
  0.7048E+01  0.0000E+00  0.0000E+00  0.0000E+00  0.0000E+00  0.0000E+00
  0.7086E+01  0.0000E+00 -0.0000E+00 -0.0000E+00 -0.0000E+00 -0.0000E+00
  0.7125E+01  0.0000E+00  0.0000E+00  0.0000E+00  0.0000E+00  0.0000E+00
  0.7163E+01  0.0000E+00  0.0000E+00  0.0000E+00  0.0000E+00  0.0000E+00
  0.7202E+01  0.0000E+00 -0.0000E+00 -0.0000E+00 -0.0000E+00 -0.0000E+00
  0.7241E+01  0.0000E+00  0.0000E+00  0.0000E+00  0.0000E+00  0.0000E+00
  0.7279E+01  0.0000E+00 -0.0000E+00 -0.0000E+00 -0.0000E+00 -0.0000E+00
  0.7318E+01  0.0000E+00  0.0000E+00  0.0000E+00  0.0000E+00  0.0000E+00
  0.7356E+01  0.0000E+00 -0.0000E+00 -0.0000E+00 -0.0000E+00 -0.0000E+00
  0.7395E+01  0.0000E+00  0.0000E+00  0.0000E+00  0.0000E+00  0.0000E+00
  0.7434E+01  0.0000E+00 -0.0000E+00 -0.0000E+00 -0.0000E+00 -0.0000E+00
  0.7472E+01  0.0000E+00 -0.0000E+00 -0.0000E+00 -0.0000E+00 -0.0000E+00
  0.7511E+01  0.0000E+00  0.0000E+00  0.0000E+00  0.0000E+00  0.0000E+00
  0.7550E+01  0.0000E+00 -0.0000E+00 -0.0000E+00 -0.0000E+00 -0.0000E+00
  0.7588E+01  0.0000E+00 -0.0000E+00 -0.0000E+00 -0.0000E+00 -0.0000E+00
  0.7627E+01  0.0000E+00 -0.0000E+00 -0.0000E+00 -0.0000E+00 -0.0000E+00
  0.7665E+01  0.0000E+00 -0.0000E+00 -0.0000E+00 -0.0000E+00 -0.0000E+00
  0.7704E+01  0.0000E+00 -0.0000E+00 -0.0000E+00 -0.0000E+00 -0.0000E+00
