 i rho powden spower powden_e powden_i powden_cl       curden_par curden_onetwo curden_tor cur_den_pol currden 
   0.193E-01   0.000E+00   0.000E+00   0.000E+00   0.000E+00   0.000E+00   0.000E+00   0.000E+00         NaN         NaN   0.000E+00
   0.579E-01   0.000E+00   0.000E+00   0.000E+00   0.000E+00   0.000E+00   0.000E+00   0.000E+00         NaN         NaN   0.000E+00
   0.965E-01   0.000E+00   0.000E+00   0.000E+00   0.000E+00   0.000E+00   0.000E+00   0.000E+00         NaN         NaN   0.000E+00
   0.135E+00   0.000E+00   0.000E+00   0.000E+00   0.000E+00   0.000E+00   0.000E+00   0.000E+00         NaN         NaN   0.000E+00
   0.174E+00   0.000E+00   0.000E+00   0.000E+00   0.000E+00   0.000E+00   0.000E+00   0.000E+00         NaN         NaN   0.000E+00
   0.212E+00   0.000E+00   0.000E+00   0.000E+00   0.000E+00   0.000E+00   0.000E+00   0.000E+00         NaN         NaN   0.000E+00
   0.251E+00   0.000E+00   0.000E+00   0.000E+00   0.000E+00   0.000E+00   0.000E+00   0.000E+00         NaN         NaN   0.000E+00
   0.290E+00   0.000E+00   0.000E+00   0.000E+00   0.000E+00   0.000E+00   0.000E+00   0.000E+00         NaN         NaN   0.000E+00
   0.328E+00   0.000E+00   0.000E+00   0.000E+00   0.000E+00   0.000E+00   0.000E+00   0.000E+00         NaN         NaN   0.000E+00
   0.367E+00   0.000E+00   0.000E+00   0.000E+00   0.000E+00   0.000E+00   0.000E+00   0.000E+00         NaN         NaN   0.000E+00
   0.405E+00   0.000E+00   0.000E+00   0.000E+00   0.000E+00   0.000E+00   0.000E+00   0.000E+00         NaN         NaN   0.000E+00
   0.444E+00   0.257E+06   0.410E+09   0.257E+06   0.000E+00   0.000E+00   0.000E+00   0.000E+00         NaN         NaN   0.000E+00
   0.483E+00   0.178E+09   0.310E+12   0.178E+09   0.000E+00   0.000E+00   0.000E+00   0.000E+00         NaN         NaN   0.000E+00
   0.521E+00   0.362E+09   0.681E+12   0.362E+09   0.000E+00   0.000E+00   0.000E+00   0.000E+00         NaN         NaN   0.000E+00
   0.560E+00   0.101E+09   0.205E+12   0.101E+09   0.000E+00   0.000E+00   0.000E+00   0.000E+00         NaN         NaN   0.000E+00
   0.599E+00   0.369E+09   0.800E+12   0.369E+09   0.000E+00   0.000E+00   0.000E+00   0.000E+00         NaN         NaN   0.000E+00
   0.637E+00   0.569E+08   0.132E+12   0.569E+08   0.000E+00   0.000E+00   0.000E+00   0.000E+00         NaN         NaN   0.000E+00
   0.676E+00   0.131E+10   0.323E+13   0.131E+10   0.000E+00   0.000E+00   0.000E+00   0.000E+00         NaN         NaN   0.000E+00
   0.714E+00   0.962E+09   0.251E+13   0.962E+09   0.000E+00   0.000E+00   0.000E+00   0.000E+00         NaN         NaN   0.000E+00
   0.753E+00   0.215E+08   0.594E+11   0.215E+08   0.000E+00   0.000E+00   0.000E+00   0.000E+00         NaN         NaN   0.000E+00
   0.792E+00   0.249E+09   0.722E+12   0.249E+09   0.000E+00   0.000E+00   0.000E+00   0.000E+00         NaN         NaN   0.000E+00
   0.830E+00   0.215E+09   0.656E+12   0.215E+09   0.000E+00   0.000E+00   0.000E+00   0.000E+00         NaN         NaN   0.000E+00
   0.869E+00   0.212E+09   0.682E+12   0.212E+09   0.000E+00   0.000E+00   0.000E+00   0.000E+00         NaN         NaN   0.000E+00
   0.907E+00   0.320E+07   0.108E+11   0.320E+07   0.000E+00   0.000E+00   0.000E+00   0.000E+00         NaN         NaN   0.000E+00
   0.946E+00   0.924E+02   0.325E+06   0.924E+02   0.000E+00   0.000E+00   0.000E+00   0.000E+00         NaN         NaN   0.000E+00
   0.985E+00   0.532E-05   0.195E-01   0.532E-05   0.000E+00   0.000E+00   0.000E+00   0.000E+00         NaN         NaN   0.000E+00
   0.102E+01   0.000E+00   0.000E+00   0.000E+00   0.000E+00   0.000E+00   0.000E+00   0.000E+00         NaN         NaN   0.000E+00
   0.106E+01   0.000E+00   0.000E+00   0.000E+00   0.000E+00   0.000E+00   0.000E+00   0.000E+00         NaN         NaN   0.000E+00
   0.110E+01   0.000E+00   0.000E+00   0.000E+00   0.000E+00   0.000E+00   0.000E+00   0.000E+00         NaN         NaN   0.000E+00
   0.114E+01   0.000E+00   0.000E+00   0.000E+00   0.000E+00   0.000E+00   0.000E+00   0.000E+00         NaN         NaN   0.000E+00
   0.118E+01   0.000E+00   0.000E+00   0.000E+00   0.000E+00   0.000E+00   0.000E+00   0.000E+00         NaN         NaN   0.000E+00
   0.122E+01   0.000E+00   0.000E+00   0.000E+00   0.000E+00   0.000E+00   0.000E+00   0.000E+00         NaN         NaN   0.000E+00
   0.126E+01   0.000E+00   0.000E+00   0.000E+00   0.000E+00   0.000E+00   0.000E+00   0.000E+00         NaN         NaN   0.000E+00
   0.129E+01   0.000E+00   0.000E+00   0.000E+00   0.000E+00   0.000E+00   0.000E+00   0.000E+00         NaN         NaN   0.000E+00
   0.133E+01   0.000E+00   0.000E+00   0.000E+00   0.000E+00   0.000E+00   0.000E+00   0.000E+00         NaN         NaN   0.000E+00
   0.137E+01   0.000E+00   0.000E+00   0.000E+00   0.000E+00   0.000E+00   0.000E+00   0.000E+00         NaN         NaN   0.000E+00
   0.141E+01   0.000E+00   0.000E+00   0.000E+00   0.000E+00   0.000E+00   0.000E+00   0.000E+00         NaN         NaN   0.000E+00
   0.145E+01  -0.000E+00   0.000E+00  -0.000E+00  -0.000E+00  -0.000E+00   0.000E+00   0.000E+00         NaN         NaN   0.000E+00
   0.149E+01  -0.000E+00   0.000E+00  -0.000E+00  -0.000E+00  -0.000E+00   0.000E+00   0.000E+00         NaN         NaN   0.000E+00
   0.153E+01  -0.000E+00   0.000E+00  -0.000E+00  -0.000E+00  -0.000E+00   0.000E+00   0.000E+00         NaN         NaN   0.000E+00
   0.156E+01  -0.000E+00   0.000E+00  -0.000E+00  -0.000E+00  -0.000E+00   0.000E+00   0.000E+00         NaN         NaN   0.000E+00
   0.160E+01   0.000E+00   0.000E+00   0.000E+00   0.000E+00   0.000E+00   0.000E+00   0.000E+00         NaN         NaN   0.000E+00
   0.164E+01   0.000E+00   0.000E+00   0.000E+00   0.000E+00   0.000E+00   0.000E+00   0.000E+00         NaN         NaN   0.000E+00
   0.168E+01   0.000E+00   0.000E+00   0.000E+00   0.000E+00   0.000E+00   0.000E+00   0.000E+00         NaN         NaN   0.000E+00
   0.172E+01   0.000E+00   0.000E+00   0.000E+00   0.000E+00   0.000E+00   0.000E+00   0.000E+00         NaN         NaN   0.000E+00
   0.176E+01   0.000E+00   0.000E+00   0.000E+00   0.000E+00   0.000E+00   0.000E+00   0.000E+00         NaN         NaN   0.000E+00
   0.180E+01   0.000E+00   0.000E+00   0.000E+00   0.000E+00   0.000E+00   0.000E+00   0.000E+00         NaN         NaN   0.000E+00
   0.183E+01   0.000E+00   0.000E+00   0.000E+00   0.000E+00   0.000E+00   0.000E+00   0.000E+00         NaN         NaN   0.000E+00
   0.187E+01   0.000E+00   0.000E+00   0.000E+00   0.000E+00   0.000E+00   0.000E+00   0.000E+00         NaN         NaN   0.000E+00
   0.191E+01   0.000E+00   0.000E+00   0.000E+00   0.000E+00   0.000E+00   0.000E+00   0.000E+00         NaN         NaN   0.000E+00
   0.195E+01   0.000E+00   0.000E+00   0.000E+00   0.000E+00   0.000E+00   0.000E+00   0.000E+00         NaN         NaN   0.000E+00
   0.199E+01   0.000E+00   0.000E+00   0.000E+00   0.000E+00   0.000E+00   0.000E+00   0.000E+00         NaN         NaN   0.000E+00
   0.203E+01   0.000E+00   0.000E+00   0.000E+00   0.000E+00   0.000E+00   0.000E+00   0.000E+00         NaN         NaN   0.000E+00
   0.207E+01   0.000E+00   0.000E+00   0.000E+00   0.000E+00   0.000E+00   0.000E+00   0.000E+00         NaN         NaN   0.000E+00
   0.210E+01   0.000E+00   0.000E+00   0.000E+00   0.000E+00   0.000E+00   0.000E+00   0.000E+00         NaN         NaN   0.000E+00
   0.214E+01   0.000E+00   0.000E+00   0.000E+00   0.000E+00   0.000E+00   0.000E+00   0.000E+00         NaN         NaN   0.000E+00
   0.218E+01   0.000E+00   0.000E+00   0.000E+00   0.000E+00   0.000E+00   0.000E+00   0.000E+00         NaN         NaN   0.000E+00
   0.222E+01   0.000E+00   0.000E+00   0.000E+00   0.000E+00   0.000E+00   0.000E+00   0.000E+00         NaN         NaN   0.000E+00
   0.226E+01   0.000E+00   0.000E+00   0.000E+00   0.000E+00   0.000E+00   0.000E+00   0.000E+00         NaN         NaN   0.000E+00
   0.230E+01   0.000E+00   0.000E+00   0.000E+00   0.000E+00   0.000E+00   0.000E+00   0.000E+00         NaN         NaN   0.000E+00
   0.234E+01   0.000E+00   0.000E+00   0.000E+00   0.000E+00   0.000E+00   0.000E+00   0.000E+00         NaN         NaN   0.000E+00
   0.237E+01   0.000E+00   0.000E+00   0.000E+00   0.000E+00   0.000E+00   0.000E+00   0.000E+00         NaN         NaN   0.000E+00
   0.241E+01   0.000E+00   0.000E+00   0.000E+00   0.000E+00   0.000E+00   0.000E+00   0.000E+00         NaN         NaN   0.000E+00
   0.245E+01   0.000E+00   0.000E+00   0.000E+00   0.000E+00   0.000E+00   0.000E+00   0.000E+00         NaN         NaN   0.000E+00
   0.249E+01   0.000E+00   0.000E+00   0.000E+00   0.000E+00   0.000E+00   0.000E+00   0.000E+00         NaN         NaN   0.000E+00
   0.253E+01   0.000E+00   0.000E+00   0.000E+00   0.000E+00   0.000E+00   0.000E+00   0.000E+00         NaN         NaN   0.000E+00
   0.257E+01   0.000E+00   0.000E+00   0.000E+00   0.000E+00   0.000E+00   0.000E+00   0.000E+00         NaN         NaN   0.000E+00
   0.261E+01   0.000E+00   0.000E+00   0.000E+00   0.000E+00   0.000E+00   0.000E+00   0.000E+00         NaN         NaN   0.000E+00
   0.265E+01   0.000E+00   0.000E+00   0.000E+00   0.000E+00   0.000E+00   0.000E+00   0.000E+00         NaN         NaN   0.000E+00
   0.268E+01   0.000E+00   0.000E+00   0.000E+00   0.000E+00   0.000E+00   0.000E+00   0.000E+00         NaN         NaN   0.000E+00
   0.272E+01   0.000E+00   0.000E+00   0.000E+00   0.000E+00   0.000E+00   0.000E+00   0.000E+00         NaN         NaN   0.000E+00
   0.276E+01   0.000E+00   0.000E+00   0.000E+00   0.000E+00   0.000E+00   0.000E+00   0.000E+00         NaN         NaN   0.000E+00
   0.280E+01   0.000E+00   0.000E+00   0.000E+00   0.000E+00   0.000E+00   0.000E+00   0.000E+00         NaN         NaN   0.000E+00
   0.284E+01   0.000E+00   0.000E+00   0.000E+00   0.000E+00   0.000E+00   0.000E+00   0.000E+00         NaN         NaN   0.000E+00
   0.288E+01   0.000E+00   0.000E+00   0.000E+00   0.000E+00   0.000E+00   0.000E+00   0.000E+00         NaN         NaN   0.000E+00
   0.292E+01   0.000E+00   0.000E+00   0.000E+00   0.000E+00   0.000E+00   0.000E+00   0.000E+00         NaN         NaN   0.000E+00
   0.295E+01   0.000E+00   0.000E+00   0.000E+00   0.000E+00   0.000E+00   0.000E+00   0.000E+00         NaN         NaN   0.000E+00
   0.299E+01   0.000E+00   0.000E+00   0.000E+00   0.000E+00   0.000E+00   0.000E+00   0.000E+00         NaN         NaN   0.000E+00
   0.303E+01   0.000E+00   0.000E+00   0.000E+00   0.000E+00   0.000E+00   0.000E+00   0.000E+00         NaN         NaN   0.000E+00
   0.307E+01   0.000E+00   0.000E+00   0.000E+00   0.000E+00   0.000E+00   0.000E+00   0.000E+00         NaN         NaN   0.000E+00
   0.311E+01   0.000E+00   0.000E+00   0.000E+00   0.000E+00   0.000E+00   0.000E+00   0.000E+00         NaN         NaN   0.000E+00
   0.315E+01   0.000E+00   0.000E+00   0.000E+00   0.000E+00   0.000E+00   0.000E+00   0.000E+00         NaN         NaN   0.000E+00
   0.319E+01   0.000E+00   0.000E+00   0.000E+00   0.000E+00   0.000E+00   0.000E+00   0.000E+00         NaN         NaN   0.000E+00
   0.322E+01   0.000E+00   0.000E+00   0.000E+00   0.000E+00   0.000E+00   0.000E+00   0.000E+00         NaN         NaN   0.000E+00
   0.326E+01  -0.000E+00   0.000E+00  -0.000E+00  -0.000E+00  -0.000E+00   0.000E+00   0.000E+00         NaN         NaN   0.000E+00
   0.330E+01   0.000E+00   0.000E+00   0.000E+00   0.000E+00   0.000E+00   0.000E+00   0.000E+00         NaN         NaN   0.000E+00
   0.334E+01   0.000E+00   0.000E+00   0.000E+00   0.000E+00   0.000E+00   0.000E+00   0.000E+00         NaN         NaN   0.000E+00
   0.338E+01  -0.000E+00   0.000E+00  -0.000E+00  -0.000E+00  -0.000E+00   0.000E+00   0.000E+00         NaN         NaN   0.000E+00
   0.342E+01   0.000E+00   0.000E+00   0.000E+00   0.000E+00   0.000E+00   0.000E+00   0.000E+00         NaN         NaN   0.000E+00
   0.346E+01   0.000E+00   0.000E+00   0.000E+00   0.000E+00   0.000E+00   0.000E+00   0.000E+00         NaN         NaN   0.000E+00
   0.349E+01   0.000E+00   0.000E+00   0.000E+00   0.000E+00   0.000E+00   0.000E+00   0.000E+00         NaN         NaN   0.000E+00
   0.353E+01  -0.000E+00   0.000E+00  -0.000E+00  -0.000E+00  -0.000E+00   0.000E+00   0.000E+00         NaN         NaN   0.000E+00
   0.357E+01   0.000E+00   0.000E+00   0.000E+00   0.000E+00   0.000E+00   0.000E+00   0.000E+00         NaN         NaN   0.000E+00
   0.361E+01   0.000E+00   0.000E+00   0.000E+00   0.000E+00   0.000E+00   0.000E+00   0.000E+00         NaN         NaN   0.000E+00
   0.365E+01   0.000E+00   0.000E+00   0.000E+00   0.000E+00   0.000E+00   0.000E+00   0.000E+00         NaN         NaN   0.000E+00
   0.369E+01   0.000E+00   0.000E+00   0.000E+00   0.000E+00   0.000E+00   0.000E+00   0.000E+00         NaN         NaN   0.000E+00
   0.373E+01  -0.000E+00   0.000E+00  -0.000E+00  -0.000E+00  -0.000E+00   0.000E+00   0.000E+00         NaN         NaN   0.000E+00
   0.377E+01   0.000E+00   0.000E+00   0.000E+00   0.000E+00   0.000E+00   0.000E+00   0.000E+00         NaN         NaN   0.000E+00
   0.380E+01   0.000E+00   0.000E+00   0.000E+00   0.000E+00   0.000E+00   0.000E+00   0.000E+00         NaN         NaN   0.000E+00
   0.384E+01   0.000E+00   0.000E+00   0.000E+00   0.000E+00   0.000E+00   0.000E+00   0.000E+00         NaN         NaN   0.000E+00
   0.388E+01   0.000E+00   0.000E+00   0.000E+00   0.000E+00   0.000E+00   0.000E+00   0.000E+00         NaN         NaN   0.000E+00
   0.392E+01   0.000E+00   0.000E+00   0.000E+00   0.000E+00   0.000E+00   0.000E+00   0.000E+00         NaN         NaN   0.000E+00
   0.396E+01   0.000E+00   0.000E+00   0.000E+00   0.000E+00   0.000E+00   0.000E+00   0.000E+00         NaN         NaN   0.000E+00
   0.400E+01   0.000E+00   0.000E+00   0.000E+00   0.000E+00   0.000E+00   0.000E+00   0.000E+00         NaN         NaN   0.000E+00
   0.404E+01   0.000E+00   0.000E+00   0.000E+00   0.000E+00   0.000E+00   0.000E+00   0.000E+00         NaN         NaN   0.000E+00
   0.407E+01   0.000E+00   0.000E+00   0.000E+00   0.000E+00   0.000E+00   0.000E+00   0.000E+00         NaN         NaN   0.000E+00
   0.411E+01   0.000E+00   0.000E+00   0.000E+00   0.000E+00   0.000E+00   0.000E+00   0.000E+00         NaN         NaN   0.000E+00
   0.415E+01   0.000E+00   0.000E+00   0.000E+00   0.000E+00   0.000E+00   0.000E+00   0.000E+00         NaN         NaN   0.000E+00
   0.419E+01   0.000E+00   0.000E+00   0.000E+00   0.000E+00   0.000E+00   0.000E+00   0.000E+00         NaN         NaN   0.000E+00
   0.423E+01   0.000E+00   0.000E+00   0.000E+00   0.000E+00   0.000E+00   0.000E+00   0.000E+00         NaN         NaN   0.000E+00
   0.427E+01   0.000E+00   0.000E+00   0.000E+00   0.000E+00   0.000E+00   0.000E+00   0.000E+00         NaN         NaN   0.000E+00
   0.431E+01   0.000E+00   0.000E+00   0.000E+00   0.000E+00   0.000E+00   0.000E+00   0.000E+00         NaN         NaN   0.000E+00
   0.434E+01   0.000E+00   0.000E+00   0.000E+00   0.000E+00   0.000E+00   0.000E+00   0.000E+00         NaN         NaN   0.000E+00
   0.438E+01   0.000E+00   0.000E+00   0.000E+00   0.000E+00   0.000E+00   0.000E+00   0.000E+00         NaN         NaN   0.000E+00
   0.442E+01   0.000E+00   0.000E+00   0.000E+00   0.000E+00   0.000E+00   0.000E+00   0.000E+00         NaN         NaN   0.000E+00
   0.446E+01   0.000E+00   0.000E+00   0.000E+00   0.000E+00   0.000E+00   0.000E+00   0.000E+00         NaN         NaN   0.000E+00
   0.450E+01   0.000E+00   0.000E+00   0.000E+00   0.000E+00   0.000E+00   0.000E+00   0.000E+00         NaN         NaN   0.000E+00
   0.454E+01   0.000E+00   0.000E+00   0.000E+00   0.000E+00   0.000E+00   0.000E+00   0.000E+00         NaN         NaN   0.000E+00
   0.458E+01   0.000E+00   0.000E+00   0.000E+00   0.000E+00   0.000E+00   0.000E+00   0.000E+00         NaN         NaN   0.000E+00
   0.461E+01   0.000E+00   0.000E+00   0.000E+00   0.000E+00   0.000E+00   0.000E+00   0.000E+00         NaN         NaN   0.000E+00
   0.465E+01   0.000E+00   0.000E+00   0.000E+00   0.000E+00   0.000E+00   0.000E+00   0.000E+00         NaN         NaN   0.000E+00
   0.469E+01   0.000E+00   0.000E+00   0.000E+00   0.000E+00   0.000E+00   0.000E+00   0.000E+00         NaN         NaN   0.000E+00
   0.473E+01   0.000E+00   0.000E+00   0.000E+00   0.000E+00   0.000E+00   0.000E+00   0.000E+00         NaN         NaN   0.000E+00
   0.477E+01   0.000E+00   0.000E+00   0.000E+00   0.000E+00   0.000E+00   0.000E+00   0.000E+00         NaN         NaN   0.000E+00
   0.481E+01   0.000E+00   0.000E+00   0.000E+00   0.000E+00   0.000E+00   0.000E+00   0.000E+00         NaN         NaN   0.000E+00
   0.485E+01   0.000E+00   0.000E+00   0.000E+00   0.000E+00   0.000E+00   0.000E+00   0.000E+00         NaN         NaN   0.000E+00
   0.489E+01   0.000E+00   0.000E+00   0.000E+00   0.000E+00   0.000E+00   0.000E+00   0.000E+00         NaN         NaN   0.000E+00
   0.492E+01  -0.000E+00   0.000E+00  -0.000E+00  -0.000E+00  -0.000E+00   0.000E+00   0.000E+00         NaN         NaN   0.000E+00
   0.496E+01  -0.000E+00   0.000E+00  -0.000E+00  -0.000E+00  -0.000E+00   0.000E+00   0.000E+00         NaN         NaN   0.000E+00
   0.500E+01  -0.000E+00   0.000E+00  -0.000E+00  -0.000E+00  -0.000E+00   0.000E+00   0.000E+00         NaN         NaN   0.000E+00
   0.504E+01   0.000E+00   0.000E+00   0.000E+00   0.000E+00   0.000E+00   0.000E+00   0.000E+00         NaN         NaN   0.000E+00
   0.508E+01  -0.000E+00   0.000E+00  -0.000E+00  -0.000E+00  -0.000E+00   0.000E+00   0.000E+00         NaN         NaN   0.000E+00
   0.512E+01  -0.000E+00   0.000E+00  -0.000E+00  -0.000E+00  -0.000E+00   0.000E+00   0.000E+00         NaN         NaN   0.000E+00
   0.516E+01   0.000E+00   0.000E+00   0.000E+00   0.000E+00   0.000E+00   0.000E+00   0.000E+00         NaN         NaN   0.000E+00
   0.519E+01  -0.000E+00   0.000E+00  -0.000E+00  -0.000E+00  -0.000E+00   0.000E+00   0.000E+00         NaN         NaN   0.000E+00
   0.523E+01  -0.000E+00   0.000E+00  -0.000E+00  -0.000E+00  -0.000E+00   0.000E+00   0.000E+00         NaN         NaN   0.000E+00
   0.527E+01  -0.000E+00   0.000E+00  -0.000E+00  -0.000E+00  -0.000E+00   0.000E+00   0.000E+00         NaN         NaN   0.000E+00
   0.531E+01   0.000E+00   0.000E+00   0.000E+00   0.000E+00   0.000E+00   0.000E+00   0.000E+00         NaN         NaN   0.000E+00
   0.535E+01  -0.000E+00   0.000E+00  -0.000E+00  -0.000E+00  -0.000E+00   0.000E+00   0.000E+00         NaN         NaN   0.000E+00
   0.539E+01  -0.000E+00   0.000E+00  -0.000E+00  -0.000E+00  -0.000E+00   0.000E+00   0.000E+00         NaN         NaN   0.000E+00
   0.543E+01   0.000E+00   0.000E+00   0.000E+00   0.000E+00   0.000E+00   0.000E+00   0.000E+00         NaN         NaN   0.000E+00
   0.546E+01  -0.000E+00   0.000E+00  -0.000E+00  -0.000E+00  -0.000E+00   0.000E+00   0.000E+00         NaN         NaN   0.000E+00
   0.550E+01  -0.000E+00   0.000E+00  -0.000E+00  -0.000E+00  -0.000E+00   0.000E+00   0.000E+00         NaN         NaN   0.000E+00
   0.554E+01   0.000E+00   0.000E+00   0.000E+00   0.000E+00   0.000E+00   0.000E+00   0.000E+00         NaN         NaN   0.000E+00
   0.558E+01  -0.000E+00   0.000E+00  -0.000E+00  -0.000E+00  -0.000E+00   0.000E+00   0.000E+00         NaN         NaN   0.000E+00
   0.562E+01  -0.000E+00   0.000E+00  -0.000E+00  -0.000E+00  -0.000E+00   0.000E+00   0.000E+00         NaN         NaN   0.000E+00
   0.566E+01   0.000E+00   0.000E+00   0.000E+00   0.000E+00   0.000E+00   0.000E+00   0.000E+00         NaN         NaN   0.000E+00
   0.570E+01  -0.000E+00   0.000E+00  -0.000E+00  -0.000E+00  -0.000E+00   0.000E+00   0.000E+00         NaN         NaN   0.000E+00
   0.573E+01  -0.000E+00   0.000E+00  -0.000E+00  -0.000E+00  -0.000E+00   0.000E+00   0.000E+00         NaN         NaN   0.000E+00
   0.577E+01   0.000E+00   0.000E+00   0.000E+00   0.000E+00   0.000E+00   0.000E+00   0.000E+00         NaN         NaN   0.000E+00
   0.581E+01  -0.000E+00   0.000E+00  -0.000E+00  -0.000E+00  -0.000E+00   0.000E+00   0.000E+00         NaN         NaN   0.000E+00
   0.585E+01   0.000E+00   0.000E+00   0.000E+00   0.000E+00   0.000E+00   0.000E+00   0.000E+00         NaN         NaN   0.000E+00
   0.589E+01  -0.000E+00   0.000E+00  -0.000E+00  -0.000E+00  -0.000E+00   0.000E+00   0.000E+00         NaN         NaN   0.000E+00
   0.593E+01  -0.000E+00   0.000E+00  -0.000E+00  -0.000E+00  -0.000E+00   0.000E+00   0.000E+00         NaN         NaN   0.000E+00
   0.597E+01   0.000E+00   0.000E+00   0.000E+00   0.000E+00   0.000E+00   0.000E+00   0.000E+00         NaN         NaN   0.000E+00
   0.600E+01  -0.000E+00   0.000E+00  -0.000E+00  -0.000E+00  -0.000E+00   0.000E+00   0.000E+00         NaN         NaN   0.000E+00
   0.604E+01   0.000E+00   0.000E+00   0.000E+00   0.000E+00   0.000E+00   0.000E+00   0.000E+00         NaN         NaN   0.000E+00
   0.608E+01  -0.000E+00   0.000E+00  -0.000E+00  -0.000E+00  -0.000E+00   0.000E+00   0.000E+00         NaN         NaN   0.000E+00
   0.612E+01  -0.000E+00   0.000E+00  -0.000E+00  -0.000E+00  -0.000E+00   0.000E+00   0.000E+00         NaN         NaN   0.000E+00
   0.616E+01   0.000E+00   0.000E+00   0.000E+00   0.000E+00   0.000E+00   0.000E+00   0.000E+00         NaN         NaN   0.000E+00
   0.620E+01  -0.000E+00   0.000E+00  -0.000E+00  -0.000E+00  -0.000E+00   0.000E+00   0.000E+00         NaN         NaN   0.000E+00
   0.624E+01   0.000E+00   0.000E+00   0.000E+00   0.000E+00   0.000E+00   0.000E+00   0.000E+00         NaN         NaN   0.000E+00
   0.628E+01  -0.000E+00   0.000E+00  -0.000E+00  -0.000E+00  -0.000E+00   0.000E+00   0.000E+00         NaN         NaN   0.000E+00
   0.631E+01   0.000E+00   0.000E+00   0.000E+00   0.000E+00   0.000E+00   0.000E+00   0.000E+00         NaN         NaN   0.000E+00
   0.635E+01  -0.000E+00   0.000E+00  -0.000E+00  -0.000E+00  -0.000E+00   0.000E+00   0.000E+00         NaN         NaN   0.000E+00
   0.639E+01  -0.000E+00   0.000E+00  -0.000E+00  -0.000E+00  -0.000E+00   0.000E+00   0.000E+00         NaN         NaN   0.000E+00
   0.643E+01   0.000E+00   0.000E+00   0.000E+00   0.000E+00   0.000E+00   0.000E+00   0.000E+00         NaN         NaN   0.000E+00
   0.647E+01  -0.000E+00   0.000E+00  -0.000E+00  -0.000E+00  -0.000E+00   0.000E+00   0.000E+00         NaN         NaN   0.000E+00
   0.651E+01   0.000E+00   0.000E+00   0.000E+00   0.000E+00   0.000E+00   0.000E+00   0.000E+00         NaN         NaN   0.000E+00
   0.655E+01  -0.000E+00   0.000E+00  -0.000E+00  -0.000E+00  -0.000E+00   0.000E+00   0.000E+00         NaN         NaN   0.000E+00
   0.658E+01   0.000E+00   0.000E+00   0.000E+00   0.000E+00   0.000E+00   0.000E+00   0.000E+00         NaN         NaN   0.000E+00
   0.662E+01  -0.000E+00   0.000E+00  -0.000E+00  -0.000E+00  -0.000E+00   0.000E+00   0.000E+00         NaN         NaN   0.000E+00
   0.666E+01   0.000E+00   0.000E+00   0.000E+00   0.000E+00   0.000E+00   0.000E+00   0.000E+00         NaN         NaN   0.000E+00
   0.670E+01  -0.000E+00   0.000E+00  -0.000E+00  -0.000E+00  -0.000E+00   0.000E+00   0.000E+00         NaN         NaN   0.000E+00
   0.674E+01   0.000E+00   0.000E+00   0.000E+00   0.000E+00   0.000E+00   0.000E+00   0.000E+00         NaN         NaN   0.000E+00
   0.678E+01  -0.000E+00   0.000E+00  -0.000E+00  -0.000E+00  -0.000E+00   0.000E+00   0.000E+00         NaN         NaN   0.000E+00
   0.682E+01   0.000E+00   0.000E+00   0.000E+00   0.000E+00   0.000E+00   0.000E+00   0.000E+00         NaN         NaN   0.000E+00
   0.685E+01  -0.000E+00   0.000E+00  -0.000E+00  -0.000E+00  -0.000E+00   0.000E+00   0.000E+00         NaN         NaN   0.000E+00
   0.689E+01   0.000E+00   0.000E+00   0.000E+00   0.000E+00   0.000E+00   0.000E+00   0.000E+00         NaN         NaN   0.000E+00
   0.693E+01  -0.000E+00   0.000E+00  -0.000E+00  -0.000E+00  -0.000E+00   0.000E+00   0.000E+00         NaN         NaN   0.000E+00
   0.697E+01   0.000E+00   0.000E+00   0.000E+00   0.000E+00   0.000E+00   0.000E+00   0.000E+00         NaN         NaN   0.000E+00
   0.701E+01  -0.000E+00   0.000E+00  -0.000E+00  -0.000E+00  -0.000E+00   0.000E+00   0.000E+00         NaN         NaN   0.000E+00
   0.705E+01   0.000E+00   0.000E+00   0.000E+00   0.000E+00   0.000E+00   0.000E+00   0.000E+00         NaN         NaN   0.000E+00
   0.709E+01  -0.000E+00   0.000E+00  -0.000E+00  -0.000E+00  -0.000E+00   0.000E+00   0.000E+00         NaN         NaN   0.000E+00
   0.712E+01   0.000E+00   0.000E+00   0.000E+00   0.000E+00   0.000E+00   0.000E+00   0.000E+00         NaN         NaN   0.000E+00
   0.716E+01   0.000E+00   0.000E+00   0.000E+00   0.000E+00   0.000E+00   0.000E+00   0.000E+00         NaN         NaN   0.000E+00
   0.720E+01  -0.000E+00   0.000E+00  -0.000E+00  -0.000E+00  -0.000E+00   0.000E+00   0.000E+00         NaN         NaN   0.000E+00
   0.724E+01   0.000E+00   0.000E+00   0.000E+00   0.000E+00   0.000E+00   0.000E+00   0.000E+00         NaN         NaN   0.000E+00
   0.728E+01  -0.000E+00   0.000E+00  -0.000E+00  -0.000E+00  -0.000E+00   0.000E+00   0.000E+00         NaN         NaN   0.000E+00
   0.732E+01   0.000E+00   0.000E+00   0.000E+00   0.000E+00   0.000E+00   0.000E+00   0.000E+00         NaN         NaN   0.000E+00
   0.736E+01  -0.000E+00   0.000E+00  -0.000E+00  -0.000E+00  -0.000E+00   0.000E+00   0.000E+00         NaN         NaN   0.000E+00
   0.740E+01   0.000E+00   0.000E+00   0.000E+00   0.000E+00   0.000E+00   0.000E+00   0.000E+00         NaN         NaN   0.000E+00
   0.743E+01  -0.000E+00   0.000E+00  -0.000E+00  -0.000E+00  -0.000E+00   0.000E+00   0.000E+00         NaN         NaN   0.000E+00
   0.747E+01  -0.000E+00   0.000E+00  -0.000E+00  -0.000E+00  -0.000E+00   0.000E+00   0.000E+00         NaN         NaN   0.000E+00
   0.751E+01   0.000E+00   0.000E+00   0.000E+00   0.000E+00   0.000E+00   0.000E+00   0.000E+00         NaN         NaN   0.000E+00
   0.755E+01  -0.000E+00   0.000E+00  -0.000E+00  -0.000E+00  -0.000E+00   0.000E+00   0.000E+00         NaN         NaN   0.000E+00
   0.759E+01  -0.000E+00   0.000E+00  -0.000E+00  -0.000E+00  -0.000E+00   0.000E+00   0.000E+00         NaN         NaN   0.000E+00
   0.763E+01  -0.000E+00   0.000E+00  -0.000E+00  -0.000E+00  -0.000E+00   0.000E+00   0.000E+00         NaN         NaN   0.000E+00
   0.767E+01  -0.000E+00   0.000E+00  -0.000E+00  -0.000E+00  -0.000E+00   0.000E+00   0.000E+00         NaN         NaN   0.000E+00
   0.770E+01  -0.000E+00   0.000E+00  -0.000E+00  -0.000E+00  -0.000E+00   0.000E+00   0.000E+00         NaN         NaN   0.000E+00
